,Data,DataDate,DataDateDisplay,DataDateJs,DiscountData,NAVData,TICKER,NAVTicker
0,17.0,1994-01-07T00:00:00,1/7/1994,1994-01-07,11.62,15.23,MFV,XMFVX
1,17.25,1994-01-14T00:00:00,1/14/1994,1994-01-14,11.87,15.42,MFV,XMFVX
2,17.63,1994-01-28T00:00:00,1/28/1994,1994-01-28,13.38,15.55,MFV,XMFVX
3,17.75,1994-02-04T00:00:00,2/4/1994,1994-02-04,14.29,15.53,MFV,XMFVX
4,17.75,1994-02-11T00:00:00,2/11/1994,1994-02-11,15.79,15.33,MFV,XMFVX
5,17.63,1994-02-18T00:00:00,2/18/1994,1994-02-18,14.26,15.43,MFV,XMFVX
6,17.88,1994-03-04T00:00:00,3/4/1994,1994-03-04,18.65,15.07,MFV,XMFVX
7,17.63,1994-03-11T00:00:00,3/11/1994,1994-03-11,16.75,15.1,MFV,XMFVX
8,17.75,1994-03-18T00:00:00,3/18/1994,1994-03-18,15.64,15.35,MFV,XMFVX
9,17.25,1994-03-25T00:00:00,3/25/1994,1994-03-25,12.97,15.27,MFV,XMFVX
10,16.0,1994-04-01T00:00:00,4/1/1994,1994-04-01,11.34,14.37,MFV,XMFVX
11,17.13,1994-04-08T00:00:00,4/8/1994,1994-04-08,16.85,14.66,MFV,XMFVX
12,16.88,1994-04-15T00:00:00,4/15/1994,1994-04-15,17.88,14.32,MFV,XMFVX
13,16.75,1994-04-22T00:00:00,4/22/1994,1994-04-22,20.07,13.95,MFV,XMFVX
14,15.75,1994-04-29T00:00:00,4/29/1994,1994-04-29,11.23,14.16,MFV,XMFVX
15,15.25,1994-05-06T00:00:00,5/6/1994,1994-05-06,7.55,14.18,MFV,XMFVX
16,15.38,1994-05-13T00:00:00,5/13/1994,1994-05-13,9.39,14.06,MFV,XMFVX
17,15.5,1994-05-20T00:00:00,5/20/1994,1994-05-20,10.4,14.04,MFV,XMFVX
18,15.88,1994-05-27T00:00:00,5/27/1994,1994-05-27,12.31,14.14,MFV,XMFVX
19,16.63,1994-06-03T00:00:00,6/3/1994,1994-06-03,18.03,14.09,MFV,XMFVX
20,16.63,1994-06-10T00:00:00,6/10/1994,1994-06-10,19.21,13.95,MFV,XMFVX
21,16.38,1994-06-17T00:00:00,6/17/1994,1994-06-17,17.17,13.98,MFV,XMFVX
22,16.13,1994-06-24T00:00:00,6/24/1994,1994-06-24,18.87,13.57,MFV,XMFVX
23,16.0,1994-07-01T00:00:00,7/1/1994,1994-07-01,17.73,13.59,MFV,XMFVX
24,15.88,1994-07-08T00:00:00,7/8/1994,1994-07-08,15.49,13.75,MFV,XMFVX
25,15.75,1994-07-15T00:00:00,7/15/1994,1994-07-15,14.46,13.76,MFV,XMFVX
26,15.63,1994-07-22T00:00:00,7/22/1994,1994-07-22,13.76,13.74,MFV,XMFVX
27,15.0,1994-07-29T00:00:00,7/29/1994,1994-07-29,8.46,13.83,MFV,XMFVX
28,15.13,1994-08-05T00:00:00,8/5/1994,1994-08-05,10.28,13.72,MFV,XMFVX
29,15.25,1994-08-12T00:00:00,8/12/1994,1994-08-12,12.05,13.61,MFV,XMFVX
30,15.13,1994-08-19T00:00:00,8/19/1994,1994-08-19,10.92,13.64,MFV,XMFVX
31,15.25,1994-08-26T00:00:00,8/26/1994,1994-08-26,9.63,13.91,MFV,XMFVX
32,15.5,1994-09-02T00:00:00,9/2/1994,1994-09-02,9.85,14.11,MFV,XMFVX
33,15.0,1994-09-09T00:00:00,9/9/1994,1994-09-09,6.84,14.04,MFV,XMFVX
34,15.0,1994-09-16T00:00:00,9/16/1994,1994-09-16,4.38,14.37,MFV,XMFVX
35,15.25,1994-09-23T00:00:00,9/23/1994,1994-09-23,8.16,14.1,MFV,XMFVX
36,15.13,1994-09-30T00:00:00,9/30/1994,1994-09-30,6.93,14.15,MFV,XMFVX
37,14.88,1994-10-07T00:00:00,10/7/1994,1994-10-07,11.63,13.33,MFV,XMFVX
38,15.0,1994-10-14T00:00:00,10/14/1994,1994-10-14,10.7,13.55,MFV,XMFVX
39,15.13,1994-10-21T00:00:00,10/21/1994,1994-10-21,13.42,13.34,MFV,XMFVX
40,14.75,1994-10-28T00:00:00,10/28/1994,1994-10-28,9.42,13.48,MFV,XMFVX
41,14.75,1994-11-04T00:00:00,11/4/1994,1994-11-04,12.08,13.16,MFV,XMFVX
42,14.75,1994-11-18T00:00:00,11/18/1994,1994-11-18,16.05,12.71,MFV,XMFVX
43,14.63,1994-11-25T00:00:00,11/25/1994,1994-11-25,18.56,12.34,MFV,XMFVX
44,14.38,1994-12-02T00:00:00,12/2/1994,1994-12-02,17.48,12.24,MFV,XMFVX
45,14.25,1994-12-09T00:00:00,12/9/1994,1994-12-09,22.63,11.62,MFV,XMFVX
46,13.13,1994-12-16T00:00:00,12/16/1994,1994-12-16,10.06,11.93,MFV,XMFVX
47,13.25,1994-12-23T00:00:00,12/23/1994,1994-12-23,10.05,12.04,MFV,XMFVX
48,13.5,1994-12-30T00:00:00,12/30/1994,1994-12-30,11.57,12.1,MFV,XMFVX
49,13.75,1995-01-06T00:00:00,1/6/1995,1995-01-06,11.7,12.31,MFV,XMFVX
50,13.75,1995-01-13T00:00:00,1/13/1995,1995-01-13,12.06,12.27,MFV,XMFVX
51,13.63,1995-01-20T00:00:00,1/20/1995,1995-01-20,12.18,12.15,MFV,XMFVX
52,14.0,1995-01-27T00:00:00,1/27/1995,1995-01-27,15.04,12.17,MFV,XMFVX
53,14.0,1995-02-03T00:00:00,2/3/1995,1995-02-03,12.99,12.39,MFV,XMFVX
54,14.25,1995-02-10T00:00:00,2/10/1995,1995-02-10,15.67,12.32,MFV,XMFVX
55,14.25,1995-02-17T00:00:00,2/17/1995,1995-02-17,15.57,12.33,MFV,XMFVX
56,14.38,1995-02-24T00:00:00,2/24/1995,1995-02-24,15.41,12.46,MFV,XMFVX
57,14.63,1995-03-03T00:00:00,3/3/1995,1995-03-03,17.89,12.41,MFV,XMFVX
58,14.38,1995-03-10T00:00:00,3/10/1995,1995-03-10,16.72,12.32,MFV,XMFVX
59,14.5,1995-03-17T00:00:00,3/17/1995,1995-03-17,15.26,12.58,MFV,XMFVX
60,14.5,1995-03-24T00:00:00,3/24/1995,1995-03-24,13.9,12.73,MFV,XMFVX
61,14.75,1995-03-31T00:00:00,3/31/1995,1995-03-31,16.88,12.62,MFV,XMFVX
62,14.88,1995-04-07T00:00:00,4/7/1995,1995-04-07,16.98,12.72,MFV,XMFVX
63,14.63,1995-04-14T00:00:00,4/14/1995,1995-04-14,15.38,12.68,MFV,XMFVX
64,14.5,1995-04-21T00:00:00,4/21/1995,1995-04-21,14.44,12.67,MFV,XMFVX
65,14.75,1995-04-28T00:00:00,4/28/1995,1995-04-28,15.32,12.79,MFV,XMFVX
66,15.13,1995-05-05T00:00:00,5/5/1995,1995-05-05,17.83,12.84,MFV,XMFVX
67,15.0,1995-05-12T00:00:00,5/12/1995,1995-05-12,15.92,12.94,MFV,XMFVX
68,15.25,1995-05-19T00:00:00,5/19/1995,1995-05-19,18.95,12.82,MFV,XMFVX
69,15.13,1995-05-26T00:00:00,5/26/1995,1995-05-26,17.47,12.88,MFV,XMFVX
70,15.38,1995-06-02T00:00:00,6/2/1995,1995-06-02,19.04,12.92,MFV,XMFVX
71,15.5,1995-06-09T00:00:00,6/9/1995,1995-06-09,19.69,12.95,MFV,XMFVX
72,15.38,1995-06-16T00:00:00,6/16/1995,1995-06-16,18.4,12.99,MFV,XMFVX
73,15.0,1995-06-23T00:00:00,6/23/1995,1995-06-23,11.86,13.41,MFV,XMFVX
74,15.13,1995-06-30T00:00:00,6/30/1995,1995-06-30,13.67,13.31,MFV,XMFVX
75,15.13,1995-07-07T00:00:00,7/7/1995,1995-07-07,10.2,13.73,MFV,XMFVX
76,15.25,1995-07-14T00:00:00,7/14/1995,1995-07-14,10.75,13.77,MFV,XMFVX
77,15.38,1995-07-21T00:00:00,7/21/1995,1995-07-21,12.18,13.71,MFV,XMFVX
78,15.5,1995-07-28T00:00:00,7/28/1995,1995-07-28,9.93,14.1,MFV,XMFVX
79,15.63,1995-08-04T00:00:00,8/4/1995,1995-08-04,9.3,14.3,MFV,XMFVX
80,15.5,1995-08-11T00:00:00,8/11/1995,1995-08-11,9.23,14.19,MFV,XMFVX
81,15.63,1995-08-18T00:00:00,8/18/1995,1995-08-18,6.98,14.61,MFV,XMFVX
82,16.0,1995-08-25T00:00:00,8/25/1995,1995-08-25,9.14,14.66,MFV,XMFVX
83,16.38,1995-09-01T00:00:00,9/1/1995,1995-09-01,11.58,14.68,MFV,XMFVX
84,16.63,1995-09-08T00:00:00,9/8/1995,1995-09-08,11.39,14.93,MFV,XMFVX
85,16.63,1995-09-15T00:00:00,9/15/1995,1995-09-15,13.21,14.69,MFV,XMFVX
86,16.75,1995-09-22T00:00:00,9/22/1995,1995-09-22,14.41,14.64,MFV,XMFVX
87,16.75,1995-09-29T00:00:00,9/29/1995,1995-09-29,13.33,14.78,MFV,XMFVX
88,16.63,1995-10-06T00:00:00,10/6/1995,1995-10-06,13.67,14.63,MFV,XMFVX
89,16.38,1995-10-13T00:00:00,10/13/1995,1995-10-13,14.79,14.27,MFV,XMFVX
90,16.5,1995-10-20T00:00:00,10/20/1995,1995-10-20,15.55,14.28,MFV,XMFVX
91,16.5,1995-10-27T00:00:00,10/27/1995,1995-10-27,18.45,13.93,MFV,XMFVX
92,16.5,1995-11-10T00:00:00,11/10/1995,1995-11-10,16.94,14.11,MFV,XMFVX
93,16.25,1995-11-17T00:00:00,11/17/1995,1995-11-17,15.82,14.03,MFV,XMFVX
94,16.25,1995-11-24T00:00:00,11/24/1995,1995-11-24,15.33,14.09,MFV,XMFVX
95,16.5,1995-12-01T00:00:00,12/1/1995,1995-12-01,15.22,14.32,MFV,XMFVX
96,16.75,1995-12-08T00:00:00,12/8/1995,1995-12-08,16.48,14.38,MFV,XMFVX
97,16.5,1995-12-15T00:00:00,12/15/1995,1995-12-15,16.28,14.19,MFV,XMFVX
98,16.5,1995-12-22T00:00:00,12/22/1995,1995-12-22,15.95,14.23,MFV,XMFVX
99,16.5,1995-12-29T00:00:00,12/29/1995,1995-12-29,14.98,14.35,MFV,XMFVX
100,16.5,1996-01-05T00:00:00,1/5/1996,1996-01-05,14.11,14.46,MFV,XMFVX
101,16.63,1996-01-12T00:00:00,1/12/1996,1996-01-12,17.03,14.21,MFV,XMFVX
102,16.88,1996-01-19T00:00:00,1/19/1996,1996-01-19,18.54,14.24,MFV,XMFVX
103,16.75,1996-01-26T00:00:00,1/26/1996,1996-01-26,15.76,14.47,MFV,XMFVX
104,16.75,1996-02-02T00:00:00,2/2/1996,1996-02-02,12.42,14.9,MFV,XMFVX
105,16.88,1996-02-09T00:00:00,2/9/1996,1996-02-09,10.98,15.21,MFV,XMFVX
106,16.75,1996-02-16T00:00:00,2/16/1996,1996-02-16,11.22,15.06,MFV,XMFVX
107,16.88,1996-02-23T00:00:00,2/23/1996,1996-02-23,11.35,15.16,MFV,XMFVX
108,16.88,1996-03-01T00:00:00,3/1/1996,1996-03-01,12.23,15.04,MFV,XMFVX
109,16.75,1996-03-08T00:00:00,3/8/1996,1996-03-08,12.64,14.87,MFV,XMFVX
110,16.63,1996-03-15T00:00:00,3/15/1996,1996-03-15,11.69,14.89,MFV,XMFVX
111,16.88,1996-03-22T00:00:00,3/22/1996,1996-03-22,11.79,15.1,MFV,XMFVX
112,16.88,1996-03-29T00:00:00,3/29/1996,1996-03-29,12.08,15.06,MFV,XMFVX
113,16.75,1996-04-12T00:00:00,4/12/1996,1996-04-12,10.42,15.17,MFV,XMFVX
114,16.63,1996-04-19T00:00:00,4/19/1996,1996-04-19,8.41,15.34,MFV,XMFVX
115,16.88,1996-04-26T00:00:00,4/26/1996,1996-04-26,6.9,15.79,MFV,XMFVX
116,16.88,1996-05-03T00:00:00,5/3/1996,1996-05-03,7.72,15.67,MFV,XMFVX
117,17.13,1996-05-10T00:00:00,5/10/1996,1996-05-10,8.49,15.79,MFV,XMFVX
118,17.0,1996-05-17T00:00:00,5/17/1996,1996-05-17,6.38,15.98,MFV,XMFVX
119,17.25,1996-05-24T00:00:00,5/24/1996,1996-05-24,8.42,15.91,MFV,XMFVX
120,17.38,1996-05-31T00:00:00,5/31/1996,1996-05-31,10.0,15.8,MFV,XMFVX
121,17.38,1996-06-07T00:00:00,6/7/1996,1996-06-07,9.51,15.87,MFV,XMFVX
122,17.13,1996-06-14T00:00:00,6/14/1996,1996-06-14,9.32,15.67,MFV,XMFVX
123,17.38,1996-06-21T00:00:00,6/21/1996,1996-06-21,12.71,15.42,MFV,XMFVX
124,17.38,1996-06-28T00:00:00,6/28/1996,1996-06-28,11.84,15.54,MFV,XMFVX
125,17.38,1996-07-05T00:00:00,7/5/1996,1996-07-05,13.3,15.34,MFV,XMFVX
126,17.38,1996-07-12T00:00:00,7/12/1996,1996-07-12,17.75,14.76,MFV,XMFVX
127,17.63,1996-07-19T00:00:00,7/19/1996,1996-07-19,20.51,14.63,MFV,XMFVX
128,17.38,1996-07-26T00:00:00,7/26/1996,1996-07-26,19.61,14.53,MFV,XMFVX
129,17.63,1996-08-02T00:00:00,8/2/1996,1996-08-02,17.46,15.01,MFV,XMFVX
130,17.38,1996-08-09T00:00:00,8/9/1996,1996-08-09,16.64,14.9,MFV,XMFVX
131,17.63,1996-08-16T00:00:00,8/16/1996,1996-08-16,19.28,14.78,MFV,XMFVX
132,18.0,1996-08-23T00:00:00,8/23/1996,1996-08-23,21.29,14.84,MFV,XMFVX
133,18.0,1996-08-30T00:00:00,8/30/1996,1996-08-30,21.13,14.86,MFV,XMFVX
134,18.0,1996-09-06T00:00:00,9/6/1996,1996-09-06,21.05,14.87,MFV,XMFVX
135,17.88,1996-09-13T00:00:00,9/13/1996,1996-09-13,18.1,15.14,MFV,XMFVX
136,18.0,1996-09-20T00:00:00,9/20/1996,1996-09-20,17.57,15.31,MFV,XMFVX
137,17.88,1996-09-27T00:00:00,9/27/1996,1996-09-27,15.35,15.5,MFV,XMFVX
138,18.25,1996-10-04T00:00:00,10/4/1996,1996-10-04,16.17,15.71,MFV,XMFVX
139,18.13,1996-10-11T00:00:00,10/11/1996,1996-10-11,17.96,15.37,MFV,XMFVX
140,18.0,1996-10-18T00:00:00,10/18/1996,1996-10-18,16.13,15.5,MFV,XMFVX
141,18.0,1996-10-25T00:00:00,10/25/1996,1996-10-25,17.72,15.29,MFV,XMFVX
142,18.38,1996-11-01T00:00:00,11/1/1996,1996-11-01,20.6,15.24,MFV,XMFVX
143,18.38,1996-11-08T00:00:00,11/8/1996,1996-11-08,19.35,15.4,MFV,XMFVX
144,18.38,1996-11-15T00:00:00,11/15/1996,1996-11-15,20.68,15.23,MFV,XMFVX
145,18.63,1996-11-22T00:00:00,11/22/1996,1996-11-22,21.45,15.34,MFV,XMFVX
146,18.63,1996-11-29T00:00:00,11/29/1996,1996-11-29,21.05,15.39,MFV,XMFVX
147,18.5,1996-12-06T00:00:00,12/6/1996,1996-12-06,19.9,15.43,MFV,XMFVX
148,18.13,1996-12-13T00:00:00,12/13/1996,1996-12-13,19.43,15.18,MFV,XMFVX
149,18.5,1996-12-20T00:00:00,12/20/1996,1996-12-20,20.21,15.39,MFV,XMFVX
150,17.5,1996-12-27T00:00:00,12/27/1996,1996-12-27,24.29,14.08,MFV,XMFVX
151,17.5,1997-01-03T00:00:00,1/3/1997,1997-01-03,23.41,14.18,MFV,XMFVX
152,17.75,1997-01-10T00:00:00,1/10/1997,1997-01-10,24.21,14.29,MFV,XMFVX
153,17.88,1997-01-17T00:00:00,1/17/1997,1997-01-17,25.83,14.21,MFV,XMFVX
154,18.0,1997-01-24T00:00:00,1/24/1997,1997-01-24,26.94,14.18,MFV,XMFVX
155,18.13,1997-01-31T00:00:00,1/31/1997,1997-01-31,27.5,14.22,MFV,XMFVX
156,18.25,1997-02-07T00:00:00,2/7/1997,1997-02-07,28.07,14.25,MFV,XMFVX
157,18.38,1997-02-14T00:00:00,2/14/1997,1997-02-14,30.82,14.05,MFV,XMFVX
158,18.63,1997-02-21T00:00:00,2/21/1997,1997-02-21,33.93,13.91,MFV,XMFVX
159,18.63,1997-02-28T00:00:00,2/28/1997,1997-02-28,33.17,13.99,MFV,XMFVX
160,18.75,1997-03-07T00:00:00,3/7/1997,1997-03-07,33.26,14.07,MFV,XMFVX
161,18.5,1997-03-14T00:00:00,3/14/1997,1997-03-14,32.33,13.98,MFV,XMFVX
162,18.5,1997-03-21T00:00:00,3/21/1997,1997-03-21,33.86,13.82,MFV,XMFVX
163,18.5,1997-03-28T00:00:00,3/28/1997,1997-03-28,35.43,13.66,MFV,XMFVX
164,18.13,1997-04-04T00:00:00,4/4/1997,1997-04-04,35.1,13.42,MFV,XMFVX
165,17.63,1997-04-11T00:00:00,4/11/1997,1997-04-11,34.38,13.12,MFV,XMFVX
166,17.75,1997-04-18T00:00:00,4/18/1997,1997-04-18,33.46,13.3,MFV,XMFVX
167,17.5,1997-04-25T00:00:00,4/25/1997,1997-04-25,32.98,13.16,MFV,XMFVX
168,17.38,1997-05-02T00:00:00,5/2/1997,1997-05-02,27.23,13.66,MFV,XMFVX
169,17.63,1997-05-09T00:00:00,5/9/1997,1997-05-09,27.02,13.88,MFV,XMFVX
170,17.75,1997-05-16T00:00:00,5/16/1997,1997-05-16,28.25,13.84,MFV,XMFVX
171,17.63,1997-05-23T00:00:00,5/23/1997,1997-05-23,25.75,14.02,MFV,XMFVX
172,17.63,1997-05-30T00:00:00,5/30/1997,1997-05-30,23.81,14.24,MFV,XMFVX
173,18.25,1997-06-06T00:00:00,6/6/1997,1997-06-06,26.91,14.38,MFV,XMFVX
174,18.5,1997-06-13T00:00:00,6/13/1997,1997-06-13,27.41,14.52,MFV,XMFVX
175,18.5,1997-06-20T00:00:00,6/20/1997,1997-06-20,26.54,14.62,MFV,XMFVX
176,18.75,1997-06-27T00:00:00,6/27/1997,1997-06-27,28.07,14.64,MFV,XMFVX
177,19.25,1997-07-11T00:00:00,7/11/1997,1997-07-11,29.02,14.92,MFV,XMFVX
178,19.5,1997-07-18T00:00:00,7/18/1997,1997-07-18,31.31,14.85,MFV,XMFVX
179,19.69,1997-07-25T00:00:00,7/25/1997,1997-07-25,30.74,15.06,MFV,XMFVX
180,19.75,1997-08-01T00:00:00,8/1/1997,1997-08-01,30.11,15.18,MFV,XMFVX
181,19.38,1997-08-08T00:00:00,8/8/1997,1997-08-08,28.09,15.13,MFV,XMFVX
182,19.63,1997-08-15T00:00:00,8/15/1997,1997-08-15,32.46,14.82,MFV,XMFVX
183,19.06,1997-08-22T00:00:00,8/22/1997,1997-08-22,26.56,15.06,MFV,XMFVX
184,18.44,1997-08-29T00:00:00,8/29/1997,1997-08-29,21.16,15.22,MFV,XMFVX
185,18.38,1997-09-12T00:00:00,9/12/1997,1997-09-12,18.28,15.54,MFV,XMFVX
186,19.06,1997-09-19T00:00:00,9/19/1997,1997-09-19,21.56,15.68,MFV,XMFVX
187,19.63,1997-09-26T00:00:00,9/26/1997,1997-09-26,26.16,15.56,MFV,XMFVX
188,20.06,1997-10-03T00:00:00,10/3/1997,1997-10-03,26.8,15.82,MFV,XMFVX
189,20.19,1997-10-10T00:00:00,10/10/1997,1997-10-10,28.68,15.69,MFV,XMFVX
190,19.56,1997-10-17T00:00:00,10/17/1997,1997-10-17,26.6,15.45,MFV,XMFVX
191,19.88,1997-10-24T00:00:00,10/24/1997,1997-10-24,29.51,15.35,MFV,XMFVX
192,19.0,1997-10-31T00:00:00,10/31/1997,1997-10-31,26.41,15.03,MFV,XMFVX
193,19.0,1997-11-07T00:00:00,11/7/1997,1997-11-07,23.7,15.36,MFV,XMFVX
194,19.38,1997-11-14T00:00:00,11/14/1997,1997-11-14,28.6,15.07,MFV,XMFVX
195,19.38,1997-11-21T00:00:00,11/21/1997,1997-11-21,27.33,15.22,MFV,XMFVX
196,19.81,1997-11-28T00:00:00,11/28/1997,1997-11-28,29.56,15.29,MFV,XMFVX
197,20.56,1997-12-05T00:00:00,12/5/1997,1997-12-05,33.77,15.37,MFV,XMFVX
198,18.56,1997-12-12T00:00:00,12/12/1997,1997-12-12,26.86,14.63,MFV,XMFVX
199,19.63,1997-12-19T00:00:00,12/19/1997,1997-12-19,35.47,14.49,MFV,XMFVX
200,19.75,1997-12-26T00:00:00,12/26/1997,1997-12-26,35.65,14.56,MFV,XMFVX
201,19.06,1998-01-16T00:00:00,1/16/1998,1998-01-16,34.7,14.15,MFV,XMFVX
202,19.0,1998-01-23T00:00:00,1/23/1998,1998-01-23,32.87,14.3,MFV,XMFVX
203,19.31,1998-01-30T00:00:00,1/30/1998,1998-01-30,33.73,14.44,MFV,XMFVX
204,20.0,1998-02-06T00:00:00,2/6/1998,1998-02-06,34.77,14.84,MFV,XMFVX
205,19.25,1998-02-13T00:00:00,2/13/1998,1998-02-13,29.28,14.89,MFV,XMFVX
206,19.44,1998-02-20T00:00:00,2/20/1998,1998-02-20,30.56,14.89,MFV,XMFVX
207,19.5,1998-02-27T00:00:00,2/27/1998,1998-02-27,28.12,15.22,MFV,XMFVX
208,19.5,1998-03-06T00:00:00,3/6/1998,1998-03-06,25.73,15.51,MFV,XMFVX
209,19.06,1998-03-13T00:00:00,3/13/1998,1998-03-13,21.32,15.71,MFV,XMFVX
210,19.06,1998-03-20T00:00:00,3/20/1998,1998-03-20,19.27,15.98,MFV,XMFVX
211,19.0,1998-03-27T00:00:00,3/27/1998,1998-03-27,17.94,16.11,MFV,XMFVX
212,19.31,1998-04-03T00:00:00,4/3/1998,1998-04-03,17.46,16.44,MFV,XMFVX
213,19.88,1998-04-10T00:00:00,4/10/1998,1998-04-10,20.12,16.55,MFV,XMFVX
214,19.88,1998-04-17T00:00:00,4/17/1998,1998-04-17,20.12,16.55,MFV,XMFVX
215,19.81,1998-04-24T00:00:00,4/24/1998,1998-04-24,18.27,16.75,MFV,XMFVX
216,19.81,1998-05-01T00:00:00,5/1/1998,1998-05-01,18.27,16.75,MFV,XMFVX
217,20.25,1998-05-08T00:00:00,5/8/1998,1998-05-08,21.91,16.61,MFV,XMFVX
218,19.0,1998-05-15T00:00:00,5/15/1998,1998-05-15,16.35,16.33,MFV,XMFVX
219,19.5,1998-05-22T00:00:00,5/22/1998,1998-05-22,20.89,16.13,MFV,XMFVX
220,19.5,1998-05-29T00:00:00,5/29/1998,1998-05-29,20.89,16.13,MFV,XMFVX
221,18.94,1998-06-05T00:00:00,6/5/1998,1998-06-05,17.35,16.14,MFV,XMFVX
222,18.56,1998-06-12T00:00:00,6/12/1998,1998-06-12,18.59,15.65,MFV,XMFVX
223,17.94,1998-06-19T00:00:00,6/19/1998,1998-06-19,14.19,15.71,MFV,XMFVX
224,18.13,1998-06-26T00:00:00,6/26/1998,1998-06-26,12.61,16.1,MFV,XMFVX
225,18.63,1998-07-10T00:00:00,7/10/1998,1998-07-10,11.89,16.65,MFV,XMFVX
226,18.81,1998-07-17T00:00:00,7/17/1998,1998-07-17,11.57,16.86,MFV,XMFVX
227,18.5,1998-07-24T00:00:00,7/24/1998,1998-07-24,14.27,16.19,MFV,XMFVX
228,18.13,1998-07-31T00:00:00,7/31/1998,1998-07-31,15.77,15.66,MFV,XMFVX
229,18.0,1998-08-07T00:00:00,8/7/1998,1998-08-07,18.11,15.24,MFV,XMFVX
230,17.69,1998-08-14T00:00:00,8/14/1998,1998-08-14,20.5,14.68,MFV,XMFVX
231,16.75,1998-08-21T00:00:00,8/21/1998,1998-08-21,17.21,14.29,MFV,XMFVX
232,16.5,1998-08-28T00:00:00,8/28/1998,1998-08-28,23.23,13.39,MFV,XMFVX
233,16.13,1998-09-04T00:00:00,9/4/1998,1998-09-04,25.14,12.89,MFV,XMFVX
234,15.81,1998-09-11T00:00:00,9/11/1998,1998-09-11,23.04,12.85,MFV,XMFVX
235,15.75,1998-09-18T00:00:00,9/18/1998,1998-09-18,21.34,12.98,MFV,XMFVX
236,16.75,1998-09-25T00:00:00,9/25/1998,1998-09-25,32.52,12.64,MFV,XMFVX
237,16.75,1998-10-02T00:00:00,10/2/1998,1998-10-02,32.52,12.64,MFV,XMFVX
238,16.0,1998-10-09T00:00:00,10/9/1998,1998-10-09,35.36,11.82,MFV,XMFVX
239,16.63,1998-10-16T00:00:00,10/16/1998,1998-10-16,31.57,12.64,MFV,XMFVX
240,16.13,1998-10-23T00:00:00,10/23/1998,1998-10-23,20.55,13.38,MFV,XMFVX
241,16.75,1998-10-30T00:00:00,10/30/1998,1998-10-30,21.73,13.76,MFV,XMFVX
242,16.63,1998-11-06T00:00:00,11/6/1998,1998-11-06,16.54,14.27,MFV,XMFVX
243,17.0,1998-11-13T00:00:00,11/13/1998,1998-11-13,21.86,13.95,MFV,XMFVX
244,16.81,1998-11-20T00:00:00,11/20/1998,1998-11-20,16.57,14.42,MFV,XMFVX
245,17.75,1998-12-04T00:00:00,12/4/1998,1998-12-04,22.67,14.47,MFV,XMFVX
246,17.38,1998-12-11T00:00:00,12/11/1998,1998-12-11,22.48,14.19,MFV,XMFVX
247,16.88,1998-12-18T00:00:00,12/18/1998,1998-12-18,15.54,14.61,MFV,XMFVX
248,16.19,1999-01-08T00:00:00,1/8/1999,1999-01-08,5.96,15.28,MFV,XMFVX
249,15.88,1999-01-15T00:00:00,1/15/1999,1999-01-15,7.22,14.81,MFV,XMFVX
250,15.38,1999-01-22T00:00:00,1/22/1999,1999-01-22,2.19,15.05,MFV,XMFVX
251,15.56,1999-01-29T00:00:00,1/29/1999,1999-01-29,0.78,15.44,MFV,XMFVX
252,15.69,1999-02-05T00:00:00,2/5/1999,1999-02-05,4.05,15.08,MFV,XMFVX
253,15.69,1999-02-12T00:00:00,2/12/1999,1999-02-12,6.3,14.76,MFV,XMFVX
254,15.94,1999-02-19T00:00:00,2/19/1999,1999-02-19,7.34,14.85,MFV,XMFVX
255,15.31,1999-02-26T00:00:00,2/26/1999,1999-02-26,3.38,14.81,MFV,XMFVX
256,15.63,1999-03-05T00:00:00,3/5/1999,1999-03-05,6.25,14.71,MFV,XMFVX
257,15.38,1999-03-12T00:00:00,3/12/1999,1999-03-12,2.67,14.98,MFV,XMFVX
258,15.06,1999-03-19T00:00:00,3/19/1999,1999-03-19,0.94,14.92,MFV,XMFVX
259,15.0,1999-03-26T00:00:00,3/26/1999,1999-03-26,0.47,14.93,MFV,XMFVX
260,15.25,1999-04-09T00:00:00,4/9/1999,1999-04-09,0.2,15.22,MFV,XMFVX
261,15.13,1999-04-16T00:00:00,4/16/1999,1999-04-16,-1.56,15.37,MFV,XMFVX
262,15.38,1999-04-23T00:00:00,4/23/1999,1999-04-23,-1.35,15.59,MFV,XMFVX
263,15.63,1999-04-30T00:00:00,4/30/1999,1999-04-30,0.45,15.56,MFV,XMFVX
264,15.5,1999-05-07T00:00:00,5/7/1999,1999-05-07,-1.34,15.71,MFV,XMFVX
265,15.5,1999-05-14T00:00:00,5/14/1999,1999-05-14,-1.59,15.75,MFV,XMFVX
266,15.31,1999-05-21T00:00:00,5/21/1999,1999-05-21,-3.04,15.79,MFV,XMFVX
267,15.69,1999-05-28T00:00:00,5/28/1999,1999-05-28,-0.38,15.75,MFV,XMFVX
268,15.81,1999-06-04T00:00:00,6/4/1999,1999-06-04,-0.25,15.85,MFV,XMFVX
269,16.13,1999-06-11T00:00:00,6/11/1999,1999-06-11,3.66,15.56,MFV,XMFVX
270,17.25,1999-06-18T00:00:00,6/18/1999,1999-06-18,9.8,15.71,MFV,XMFVX
271,17.0,1999-06-25T00:00:00,6/25/1999,1999-06-25,8.28,15.7,MFV,XMFVX
272,17.13,1999-07-02T00:00:00,7/2/1999,1999-07-02,6.73,16.05,MFV,XMFVX
273,17.19,1999-07-09T00:00:00,7/9/1999,1999-07-09,6.05,16.21,MFV,XMFVX
274,17.25,1999-07-16T00:00:00,7/16/1999,1999-07-16,5.96,16.28,MFV,XMFVX
275,17.31,1999-07-23T00:00:00,7/23/1999,1999-07-23,7.32,16.13,MFV,XMFVX
276,17.38,1999-07-30T00:00:00,7/30/1999,1999-07-30,8.97,15.95,MFV,XMFVX
277,17.31,1999-08-06T00:00:00,8/6/1999,1999-08-06,10.75,15.63,MFV,XMFVX
278,17.44,1999-08-13T00:00:00,8/13/1999,1999-08-13,12.08,15.56,MFV,XMFVX
279,17.13,1999-08-20T00:00:00,8/20/1999,1999-08-20,10.02,15.57,MFV,XMFVX
280,16.31,1999-08-27T00:00:00,8/27/1999,1999-08-27,5.02,15.53,MFV,XMFVX
281,16.25,1999-09-03T00:00:00,9/3/1999,1999-09-03,4.97,15.48,MFV,XMFVX
282,16.5,1999-09-10T00:00:00,9/10/1999,1999-09-10,6.04,15.56,MFV,XMFVX
283,16.5,1999-09-17T00:00:00,9/17/1999,1999-09-17,7.56,15.34,MFV,XMFVX
284,16.19,1999-09-24T00:00:00,9/24/1999,1999-09-24,7.57,15.05,MFV,XMFVX
285,16.25,1999-10-01T00:00:00,10/1/1999,1999-10-01,8.62,14.96,MFV,XMFVX
286,16.31,1999-10-08T00:00:00,10/8/1999,1999-10-08,8.37,15.05,MFV,XMFVX
287,16.06,1999-10-15T00:00:00,10/15/1999,1999-10-15,11.45,14.41,MFV,XMFVX
288,16.25,1999-10-22T00:00:00,10/22/1999,1999-10-22,12.85,14.4,MFV,XMFVX
289,16.75,1999-10-29T00:00:00,10/29/1999,1999-10-29,16.89,14.33,MFV,XMFVX
290,16.5,1999-11-05T00:00:00,11/5/1999,1999-11-05,14.35,14.43,MFV,XMFVX
291,16.38,1999-11-12T00:00:00,11/12/1999,1999-11-12,13.12,14.48,MFV,XMFVX
292,15.94,1999-11-19T00:00:00,11/19/1999,1999-11-19,8.66,14.67,MFV,XMFVX
293,16.0,1999-11-26T00:00:00,11/26/1999,1999-11-26,9.51,14.61,MFV,XMFVX
294,15.69,1999-12-03T00:00:00,12/3/1999,1999-12-03,8.21,14.5,MFV,XMFVX
295,15.31,1999-12-10T00:00:00,12/10/1999,1999-12-10,6.62,14.36,MFV,XMFVX
296,15.25,1999-12-17T00:00:00,12/17/1999,1999-12-17,13.89,13.39,MFV,XMFVX
297,14.75,1999-12-31T00:00:00,12/31/1999,1999-12-31,5.89,13.93,MFV,XMFVX
298,14.56,2000-01-07T00:00:00,1/7/2000,2000-01-07,4.75,13.9,MFV,XMFVX
299,13.94,2000-01-14T00:00:00,1/14/2000,2000-01-14,-0.14,13.96,MFV,XMFVX
300,14.0,2000-01-21T00:00:00,1/21/2000,2000-01-21,-0.28,14.04,MFV,XMFVX
301,14.06,2000-01-28T00:00:00,1/28/2000,2000-01-28,-0.85,14.18,MFV,XMFVX
302,14.06,2000-02-04T00:00:00,2/4/2000,2000-02-04,-0.28,14.1,MFV,XMFVX
303,13.81,2000-02-11T00:00:00,2/11/2000,2000-02-11,-1.92,14.08,MFV,XMFVX
304,14.0,2000-02-18T00:00:00,2/18/2000,2000-02-18,0.94,13.87,MFV,XMFVX
305,13.88,2000-02-25T00:00:00,2/25/2000,2000-02-25,-0.64,13.97,MFV,XMFVX
306,13.88,2000-03-03T00:00:00,3/3/2000,2000-03-03,-4.8,14.58,MFV,XMFVX
307,13.63,2000-03-10T00:00:00,3/10/2000,2000-03-10,-8.22,14.85,MFV,XMFVX
308,13.75,2000-03-17T00:00:00,3/17/2000,2000-03-17,-5.3,14.52,MFV,XMFVX
309,13.38,2000-03-24T00:00:00,3/24/2000,2000-03-24,-9.23,14.74,MFV,XMFVX
310,13.5,2000-03-31T00:00:00,3/31/2000,2000-03-31,-7.6,14.61,MFV,XMFVX
311,14.06,2000-04-07T00:00:00,4/7/2000,2000-04-07,-3.37,14.55,MFV,XMFVX
312,13.0,2000-04-14T00:00:00,4/14/2000,2000-04-14,-3.63,13.49,MFV,XMFVX
313,13.25,2000-04-28T00:00:00,4/28/2000,2000-04-28,-4.54,13.88,MFV,XMFVX
314,13.25,2000-05-05T00:00:00,5/5/2000,2000-05-05,-4.61,13.89,MFV,XMFVX
315,13.25,2000-05-12T00:00:00,5/12/2000,2000-05-12,-2.07,13.53,MFV,XMFVX
316,13.69,2000-05-19T00:00:00,5/19/2000,2000-05-19,3.01,13.29,MFV,XMFVX
317,13.44,2000-05-26T00:00:00,5/26/2000,2000-05-26,4.35,12.88,MFV,XMFVX
318,13.63,2000-06-02T00:00:00,6/2/2000,2000-06-02,2.87,13.25,MFV,XMFVX
319,14.13,2000-06-09T00:00:00,6/9/2000,2000-06-09,6.64,13.25,MFV,XMFVX
320,13.88,2000-06-16T00:00:00,6/16/2000,2000-06-16,6.04,13.09,MFV,XMFVX
321,14.13,2000-06-23T00:00:00,6/23/2000,2000-06-23,9.88,12.86,MFV,XMFVX
322,14.06,2000-06-30T00:00:00,6/30/2000,2000-06-30,8.15,13.0,MFV,XMFVX
323,14.25,2000-07-07T00:00:00,7/7/2000,2000-07-07,9.11,13.06,MFV,XMFVX
324,14.38,2000-07-14T00:00:00,7/14/2000,2000-07-14,9.69,13.11,MFV,XMFVX
325,14.75,2000-07-21T00:00:00,7/21/2000,2000-07-21,12.0,13.17,MFV,XMFVX
326,14.63,2000-07-28T00:00:00,7/28/2000,2000-07-28,13.15,12.93,MFV,XMFVX
327,14.75,2000-08-04T00:00:00,8/4/2000,2000-08-04,13.55,12.99,MFV,XMFVX
328,14.63,2000-08-11T00:00:00,8/11/2000,2000-08-11,12.71,12.98,MFV,XMFVX
329,14.94,2000-08-18T00:00:00,8/18/2000,2000-08-18,15.99,12.88,MFV,XMFVX
330,14.81,2000-08-25T00:00:00,8/25/2000,2000-08-25,14.9,12.89,MFV,XMFVX
331,15.06,2000-09-01T00:00:00,9/1/2000,2000-09-01,15.4,13.05,MFV,XMFVX
332,15.63,2000-09-08T00:00:00,9/8/2000,2000-09-08,20.69,12.95,MFV,XMFVX
333,15.63,2000-09-15T00:00:00,9/15/2000,2000-09-15,23.46,12.66,MFV,XMFVX
334,15.81,2000-09-22T00:00:00,9/22/2000,2000-09-22,28.64,12.29,MFV,XMFVX
335,15.38,2000-09-29T00:00:00,9/29/2000,2000-09-29,24.53,12.35,MFV,XMFVX
336,15.5,2000-10-06T00:00:00,10/6/2000,2000-10-06,28.74,12.04,MFV,XMFVX
337,14.13,2000-10-13T00:00:00,10/13/2000,2000-10-13,19.54,11.82,MFV,XMFVX
338,13.63,2000-10-20T00:00:00,10/20/2000,2000-10-20,19.67,11.39,MFV,XMFVX
339,13.31,2000-10-27T00:00:00,10/27/2000,2000-10-27,15.34,11.54,MFV,XMFVX
340,13.5,2000-11-03T00:00:00,11/3/2000,2000-11-03,15.58,11.68,MFV,XMFVX
341,14.06,2000-11-17T00:00:00,11/17/2000,2000-11-17,25.09,11.24,MFV,XMFVX
342,13.69,2000-11-24T00:00:00,11/24/2000,2000-11-24,23.44,11.09,MFV,XMFVX
343,13.25,2000-12-01T00:00:00,12/1/2000,2000-12-01,22.69,10.8,MFV,XMFVX
344,13.81,2000-12-08T00:00:00,12/8/2000,2000-12-08,27.05,10.87,MFV,XMFVX
345,13.38,2000-12-15T00:00:00,12/15/2000,2000-12-15,25.52,10.66,MFV,XMFVX
346,13.31,2000-12-22T00:00:00,12/22/2000,2000-12-22,26.64,10.51,MFV,XMFVX
347,14.0,2000-12-29T00:00:00,12/29/2000,2000-12-29,31.7,10.63,MFV,XMFVX
348,14.5,2001-01-05T00:00:00,1/5/2001,2001-01-05,34.14,10.81,MFV,XMFVX
349,14.94,2001-01-12T00:00:00,1/12/2001,2001-01-12,34.23,11.13,MFV,XMFVX
350,15.13,2001-01-19T00:00:00,1/19/2001,2001-01-19,34.85,11.22,MFV,XMFVX
351,15.31,2001-01-26T00:00:00,1/26/2001,2001-01-26,35.13,11.33,MFV,XMFVX
352,15.35,2001-02-02T00:00:00,2/2/2001,2001-02-02,35.48,11.33,MFV,XMFVX
353,15.55,2001-02-09T00:00:00,2/9/2001,2001-02-09,37.0,11.35,MFV,XMFVX
354,14.95,2001-02-16T00:00:00,2/16/2001,2001-02-16,33.48,11.2,MFV,XMFVX
355,15.4,2001-02-23T00:00:00,2/23/2001,2001-02-23,40.13,10.99,MFV,XMFVX
356,15.25,2001-03-02T00:00:00,3/2/2001,2001-03-02,38.64,11.0,MFV,XMFVX
357,15.38,2001-03-09T00:00:00,3/9/2001,2001-03-09,39.31,11.04,MFV,XMFVX
358,15.0,2001-03-16T00:00:00,3/16/2001,2001-03-16,44.23,10.4,MFV,XMFVX
359,14.11,2001-03-23T00:00:00,3/23/2001,2001-03-23,37.26,10.28,MFV,XMFVX
360,14.65,2001-03-30T00:00:00,3/30/2001,2001-03-30,44.05,10.17,MFV,XMFVX
361,14.45,2001-04-06T00:00:00,4/6/2001,2001-04-06,45.23,9.95,MFV,XMFVX
362,14.95,2001-04-20T00:00:00,4/20/2001,2001-04-20,45.57,10.27,MFV,XMFVX
363,14.97,2001-04-27T00:00:00,4/27/2001,2001-04-27,44.78,10.34,MFV,XMFVX
364,15.35,2001-05-04T00:00:00,5/4/2001,2001-05-04,46.61,10.47,MFV,XMFVX
365,15.23,2001-05-11T00:00:00,5/11/2001,2001-05-11,47.01,10.36,MFV,XMFVX
366,15.4,2001-05-18T00:00:00,5/18/2001,2001-05-18,45.01,10.62,MFV,XMFVX
367,15.6,2001-05-25T00:00:00,5/25/2001,2001-05-25,46.75,10.63,MFV,XMFVX
368,15.45,2001-06-01T00:00:00,6/1/2001,2001-06-01,46.17,10.57,MFV,XMFVX
369,16.0,2001-06-08T00:00:00,6/8/2001,2001-06-08,50.52,10.63,MFV,XMFVX
370,15.5,2001-06-15T00:00:00,6/15/2001,2001-06-15,49.76,10.35,MFV,XMFVX
371,16.0,2001-06-22T00:00:00,6/22/2001,2001-06-22,57.79,10.14,MFV,XMFVX
372,15.27,2001-06-29T00:00:00,6/29/2001,2001-06-29,49.56,10.21,MFV,XMFVX
373,15.65,2001-07-06T00:00:00,7/6/2001,2001-07-06,55.1,10.09,MFV,XMFVX
374,15.7,2001-07-13T00:00:00,7/13/2001,2001-07-13,59.23,9.86,MFV,XMFVX
375,16.0,2001-07-20T00:00:00,7/20/2001,2001-07-20,64.27,9.74,MFV,XMFVX
376,15.81,2001-07-27T00:00:00,7/27/2001,2001-07-27,61.33,9.8,MFV,XMFVX
377,15.85,2001-08-03T00:00:00,8/3/2001,2001-08-03,60.43,9.88,MFV,XMFVX
378,16.25,2001-08-10T00:00:00,8/10/2001,2001-08-10,65.14,9.84,MFV,XMFVX
379,16.5,2001-08-17T00:00:00,8/17/2001,2001-08-17,72.41,9.57,MFV,XMFVX
380,14.85,2001-08-24T00:00:00,8/24/2001,2001-08-24,55.33,9.56,MFV,XMFVX
381,15.1,2001-08-31T00:00:00,8/31/2001,2001-08-31,58.78,9.51,MFV,XMFVX
382,14.2,2001-09-07T00:00:00,9/7/2001,2001-09-07,52.36,9.32,MFV,XMFVX
383,12.7,2001-09-21T00:00:00,9/21/2001,2001-09-21,49.59,8.49,MFV,XMFVX
384,12.81,2001-09-28T00:00:00,9/28/2001,2001-09-28,50.53,8.51,MFV,XMFVX
385,13.76,2001-10-05T00:00:00,10/5/2001,2001-10-05,60.0,8.6,MFV,XMFVX
386,14.02,2001-10-12T00:00:00,10/12/2001,2001-10-12,63.02,8.6,MFV,XMFVX
387,14.11,2001-10-19T00:00:00,10/19/2001,2001-10-19,64.26,8.59,MFV,XMFVX
388,14.1,2001-10-26T00:00:00,10/26/2001,2001-10-26,63.19,8.64,MFV,XMFVX
389,14.23,2001-11-02T00:00:00,11/2/2001,2001-11-02,63.94,8.68,MFV,XMFVX
390,14.5,2001-11-09T00:00:00,11/9/2001,2001-11-09,64.59,8.81,MFV,XMFVX
391,14.9,2001-11-16T00:00:00,11/16/2001,2001-11-16,69.13,8.81,MFV,XMFVX
392,15.5,2001-11-23T00:00:00,11/23/2001,2001-11-23,73.57,8.93,MFV,XMFVX
393,15.3,2001-11-30T00:00:00,11/30/2001,2001-11-30,71.33,8.93,MFV,XMFVX
394,15.15,2001-12-07T00:00:00,12/7/2001,2001-12-07,67.22,9.06,MFV,XMFVX
395,9.75,2001-12-14T00:00:00,12/14/2001,2001-12-14,10.92,8.79,MFV,XMFVX
396,10.7,2001-12-21T00:00:00,12/21/2001,2001-12-21,20.36,8.89,MFV,XMFVX
397,11.2,2001-12-28T00:00:00,12/28/2001,2001-12-28,24.58,8.99,MFV,XMFVX
398,10.2,2002-01-04T00:00:00,1/4/2002,2002-01-04,12.46,9.07,MFV,XMFVX
399,9.58,2002-01-11T00:00:00,1/11/2002,2002-01-11,7.52,8.91,MFV,XMFVX
400,9.69,2002-01-18T00:00:00,1/18/2002,2002-01-18,10.49,8.77,MFV,XMFVX
401,9.57,2002-01-25T00:00:00,1/25/2002,2002-01-25,8.87,8.79,MFV,XMFVX
402,9.54,2002-02-01T00:00:00,2/1/2002,2002-02-01,9.28,8.73,MFV,XMFVX
403,9.04,2002-02-08T00:00:00,2/8/2002,2002-02-08,5.24,8.59,MFV,XMFVX
404,8.52,2002-02-15T00:00:00,2/15/2002,2002-02-15,-0.58,8.57,MFV,XMFVX
405,8.5,2002-02-22T00:00:00,2/22/2002,2002-02-22,-0.93,8.58,MFV,XMFVX
406,8.65,2002-03-01T00:00:00,3/1/2002,2002-03-01,-0.46,8.69,MFV,XMFVX
407,8.9,2002-03-08T00:00:00,3/8/2002,2002-03-08,-0.11,8.91,MFV,XMFVX
408,8.97,2002-03-15T00:00:00,3/15/2002,2002-03-15,0.45,8.93,MFV,XMFVX
409,8.96,2002-03-22T00:00:00,3/22/2002,2002-03-22,0.11,8.95,MFV,XMFVX
410,9.2,2002-03-29T00:00:00,3/29/2002,2002-03-29,2.34,8.99,MFV,XMFVX
411,9.16,2002-04-05T00:00:00,4/5/2002,2002-04-05,2.12,8.97,MFV,XMFVX
412,8.96,2002-04-12T00:00:00,4/12/2002,2002-04-12,0.11,8.95,MFV,XMFVX
413,9.37,2002-04-19T00:00:00,4/19/2002,2002-04-19,3.08,9.09,MFV,XMFVX
414,9.25,2002-04-26T00:00:00,4/26/2002,2002-04-26,4.52,8.85,MFV,XMFVX
415,9.5,2002-05-03T00:00:00,5/3/2002,2002-05-03,6.86,8.89,MFV,XMFVX
416,9.41,2002-05-10T00:00:00,5/10/2002,2002-05-10,6.69,8.82,MFV,XMFVX
417,9.2,2002-05-17T00:00:00,5/17/2002,2002-05-17,3.72,8.87,MFV,XMFVX
418,9.2,2002-05-24T00:00:00,5/24/2002,2002-05-24,3.14,8.92,MFV,XMFVX
419,9.25,2002-05-31T00:00:00,5/31/2002,2002-05-31,4.76,8.83,MFV,XMFVX
420,9.27,2002-06-07T00:00:00,6/7/2002,2002-06-07,7.67,8.61,MFV,XMFVX
421,8.71,2002-06-14T00:00:00,6/14/2002,2002-06-14,3.57,8.41,MFV,XMFVX
422,8.75,2002-06-21T00:00:00,6/21/2002,2002-06-21,5.42,8.3,MFV,XMFVX
423,8.55,2002-06-28T00:00:00,6/28/2002,2002-06-28,5.04,8.14,MFV,XMFVX
424,8.4,2002-07-05T00:00:00,7/5/2002,2002-07-05,4.35,8.05,MFV,XMFVX
425,7.7,2002-07-12T00:00:00,7/12/2002,2002-07-12,-1.66,7.83,MFV,XMFVX
426,7.7,2002-07-19T00:00:00,7/19/2002,2002-07-19,-1.66,7.83,MFV,XMFVX
427,7.0,2002-07-26T00:00:00,7/26/2002,2002-07-26,-7.16,7.54,MFV,XMFVX
428,7.55,2002-08-02T00:00:00,8/2/2002,2002-08-02,0.4,7.52,MFV,XMFVX
429,7.22,2002-08-09T00:00:00,8/9/2002,2002-08-09,-4.12,7.53,MFV,XMFVX
430,7.22,2002-08-16T00:00:00,8/16/2002,2002-08-16,-4.12,7.53,MFV,XMFVX
431,7.8,2002-08-23T00:00:00,8/23/2002,2002-08-23,0.52,7.76,MFV,XMFVX
432,7.99,2002-08-30T00:00:00,8/30/2002,2002-08-30,2.83,7.77,MFV,XMFVX
433,7.95,2002-09-06T00:00:00,9/6/2002,2002-09-06,2.85,7.73,MFV,XMFVX
434,7.72,2002-09-13T00:00:00,9/13/2002,2002-09-13,0.0,7.72,MFV,XMFVX
435,7.54,2002-09-20T00:00:00,9/20/2002,2002-09-20,0.13,7.53,MFV,XMFVX
436,7.45,2002-09-27T00:00:00,9/27/2002,2002-09-27,0.27,7.43,MFV,XMFVX
437,7.1,2002-10-04T00:00:00,10/4/2002,2002-10-04,-3.27,7.34,MFV,XMFVX
438,6.87,2002-10-11T00:00:00,10/11/2002,2002-10-11,-4.18,7.17,MFV,XMFVX
439,7.09,2002-10-18T00:00:00,10/18/2002,2002-10-18,-2.88,7.3,MFV,XMFVX
440,7.37,2002-10-25T00:00:00,10/25/2002,2002-10-25,-1.07,7.45,MFV,XMFVX
441,7.4,2002-11-01T00:00:00,11/1/2002,2002-11-01,-2.5,7.59,MFV,XMFVX
442,7.7,2002-11-08T00:00:00,11/8/2002,2002-11-08,0.13,7.69,MFV,XMFVX
443,7.28,2002-11-15T00:00:00,11/15/2002,2002-11-15,-5.33,7.69,MFV,XMFVX
444,7.6,2002-11-22T00:00:00,11/22/2002,2002-11-22,-5.24,8.02,MFV,XMFVX
445,7.7,2002-11-29T00:00:00,11/29/2002,2002-11-29,-5.06,8.11,MFV,XMFVX
446,7.6,2002-12-06T00:00:00,12/6/2002,2002-12-06,-5.0,8.0,MFV,XMFVX
447,7.5,2002-12-13T00:00:00,12/13/2002,2002-12-13,-4.82,7.88,MFV,XMFVX
448,7.44,2002-12-20T00:00:00,12/20/2002,2002-12-20,-6.06,7.92,MFV,XMFVX
449,7.49,2002-12-27T00:00:00,12/27/2002,2002-12-27,-4.71,7.86,MFV,XMFVX
450,7.6,2003-01-03T00:00:00,1/3/2003,2003-01-03,-5.12,8.01,MFV,XMFVX
451,7.92,2003-01-10T00:00:00,1/10/2003,2003-01-10,-4.23,8.27,MFV,XMFVX
452,7.88,2003-01-17T00:00:00,1/17/2003,2003-01-17,-3.9,8.2,MFV,XMFVX
453,7.84,2003-01-24T00:00:00,1/24/2003,2003-01-24,-2.97,8.08,MFV,XMFVX
454,7.72,2003-01-31T00:00:00,1/31/2003,2003-01-31,-3.02,7.96,MFV,XMFVX
455,7.75,2003-02-07T00:00:00,2/7/2003,2003-02-07,-1.77,7.89,MFV,XMFVX
456,7.5,2003-02-14T00:00:00,2/14/2003,2003-02-14,-3.97,7.81,MFV,XMFVX
457,7.73,2003-02-21T00:00:00,2/21/2003,2003-02-21,-2.52,7.93,MFV,XMFVX
458,7.73,2003-02-28T00:00:00,2/28/2003,2003-02-28,-3.01,7.97,MFV,XMFVX
459,7.79,2003-03-07T00:00:00,3/7/2003,2003-03-07,-1.39,7.9,MFV,XMFVX
460,7.89,2003-03-14T00:00:00,3/14/2003,2003-03-14,0.9,7.82,MFV,XMFVX
461,8.05,2003-03-21T00:00:00,3/21/2003,2003-03-21,0.63,8.0,MFV,XMFVX
462,8.09,2003-03-28T00:00:00,3/28/2003,2003-03-28,0.75,8.03,MFV,XMFVX
463,8.22,2003-04-04T00:00:00,4/4/2003,2003-04-04,0.24,8.2,MFV,XMFVX
464,8.22,2003-04-11T00:00:00,4/11/2003,2003-04-11,0.61,8.17,MFV,XMFVX
465,8.28,2003-04-25T00:00:00,4/25/2003,2003-04-25,-2.7,8.51,MFV,XMFVX
466,8.72,2003-05-02T00:00:00,5/2/2003,2003-05-02,-0.34,8.75,MFV,XMFVX
467,8.93,2003-05-09T00:00:00,5/9/2003,2003-05-09,1.13,8.83,MFV,XMFVX
468,8.98,2003-05-16T00:00:00,5/16/2003,2003-05-16,0.67,8.92,MFV,XMFVX
469,9.54,2003-05-23T00:00:00,5/23/2003,2003-05-23,6.71,8.94,MFV,XMFVX
470,9.28,2003-05-30T00:00:00,5/30/2003,2003-05-30,2.2,9.08,MFV,XMFVX
471,9.65,2003-06-06T00:00:00,6/6/2003,2003-06-06,3.43,9.33,MFV,XMFVX
472,9.74,2003-06-13T00:00:00,6/13/2003,2003-06-13,3.95,9.37,MFV,XMFVX
473,9.9,2003-06-20T00:00:00,6/20/2003,2003-06-20,5.32,9.4,MFV,XMFVX
474,9.7,2003-06-27T00:00:00,6/27/2003,2003-06-27,3.74,9.35,MFV,XMFVX
475,9.9,2003-07-11T00:00:00,7/11/2003,2003-07-11,5.43,9.39,MFV,XMFVX
476,9.9,2003-07-18T00:00:00,7/18/2003,2003-07-18,5.77,9.36,MFV,XMFVX
477,9.91,2003-07-25T00:00:00,7/25/2003,2003-07-25,6.1,9.34,MFV,XMFVX
478,9.91,2003-08-01T00:00:00,8/1/2003,2003-08-01,8.07,9.17,MFV,XMFVX
479,9.38,2003-08-08T00:00:00,8/8/2003,2003-08-08,3.3,9.08,MFV,XMFVX
480,9.13,2003-08-15T00:00:00,8/15/2003,2003-08-15,0.88,9.05,MFV,XMFVX
481,9.33,2003-08-22T00:00:00,8/22/2003,2003-08-22,1.41,9.2,MFV,XMFVX
482,9.46,2003-08-29T00:00:00,8/29/2003,2003-08-29,1.18,9.35,MFV,XMFVX
483,9.4,2003-09-05T00:00:00,9/5/2003,2003-09-05,-0.42,9.44,MFV,XMFVX
484,9.27,2003-09-12T00:00:00,9/12/2003,2003-09-12,-0.96,9.36,MFV,XMFVX
485,9.61,2003-09-19T00:00:00,9/19/2003,2003-09-19,0.95,9.52,MFV,XMFVX
486,9.34,2003-09-26T00:00:00,9/26/2003,2003-09-26,-0.11,9.35,MFV,XMFVX
487,9.64,2003-10-03T00:00:00,10/3/2003,2003-10-03,1.05,9.54,MFV,XMFVX
488,9.69,2003-10-10T00:00:00,10/10/2003,2003-10-10,0.94,9.6,MFV,XMFVX
489,10.09,2003-10-17T00:00:00,10/17/2003,2003-10-17,4.02,9.7,MFV,XMFVX
490,10.18,2003-10-24T00:00:00,10/24/2003,2003-10-24,5.27,9.67,MFV,XMFVX
491,10.4,2003-10-31T00:00:00,10/31/2003,2003-10-31,6.12,9.8,MFV,XMFVX
492,10.85,2003-11-07T00:00:00,11/7/2003,2003-11-07,10.26,9.84,MFV,XMFVX
493,10.6,2003-11-14T00:00:00,11/14/2003,2003-11-14,8.05,9.81,MFV,XMFVX
494,10.83,2003-11-21T00:00:00,11/21/2003,2003-11-21,10.96,9.76,MFV,XMFVX
495,10.7,2003-11-28T00:00:00,11/28/2003,2003-11-28,8.3,9.88,MFV,XMFVX
496,10.57,2003-12-05T00:00:00,12/5/2003,2003-12-05,5.17,10.05,MFV,XMFVX
497,10.55,2003-12-12T00:00:00,12/12/2003,2003-12-12,5.08,10.04,MFV,XMFVX
498,10.6,2003-12-19T00:00:00,12/19/2003,2003-12-19,5.68,10.03,MFV,XMFVX
499,10.74,2003-12-26T00:00:00,12/26/2003,2003-12-26,6.44,10.09,MFV,XMFVX
500,10.92,2004-01-02T00:00:00,1/2/2004,2004-01-02,6.12,10.29,MFV,XMFVX
501,11.15,2004-01-09T00:00:00,1/9/2004,2004-01-09,5.59,10.56,MFV,XMFVX
502,11.21,2004-01-16T00:00:00,1/16/2004,2004-01-16,5.85,10.59,MFV,XMFVX
503,11.5,2004-01-23T00:00:00,1/23/2004,2004-01-23,8.08,10.64,MFV,XMFVX
504,11.55,2004-01-30T00:00:00,1/30/2004,2004-01-30,10.21,10.48,MFV,XMFVX
505,11.88,2004-02-06T00:00:00,2/6/2004,2004-02-06,14.01,10.42,MFV,XMFVX
506,11.75,2004-02-13T00:00:00,2/13/2004,2004-02-13,12.23,10.47,MFV,XMFVX
507,11.55,2004-02-20T00:00:00,2/20/2004,2004-02-20,9.48,10.55,MFV,XMFVX
508,11.53,2004-02-27T00:00:00,2/27/2004,2004-02-27,9.71,10.51,MFV,XMFVX
509,11.76,2004-03-05T00:00:00,3/5/2004,2004-03-05,11.57,10.54,MFV,XMFVX
510,11.57,2004-03-12T00:00:00,3/12/2004,2004-03-12,12.44,10.29,MFV,XMFVX
511,11.81,2004-03-19T00:00:00,3/19/2004,2004-03-19,15.22,10.25,MFV,XMFVX
512,11.72,2004-03-26T00:00:00,3/26/2004,2004-03-26,15.24,10.17,MFV,XMFVX
513,11.85,2004-04-02T00:00:00,4/2/2004,2004-04-02,14.71,10.33,MFV,XMFVX
514,10.75,2004-04-16T00:00:00,4/16/2004,2004-04-16,4.47,10.29,MFV,XMFVX
515,10.97,2004-04-23T00:00:00,4/23/2004,2004-04-23,6.09,10.34,MFV,XMFVX
516,11.08,2004-04-30T00:00:00,4/30/2004,2004-04-30,9.16,10.15,MFV,XMFVX
517,10.92,2004-05-07T00:00:00,5/7/2004,2004-05-07,9.2,10.0,MFV,XMFVX
518,10.6,2004-05-14T00:00:00,5/14/2004,2004-05-14,8.94,9.73,MFV,XMFVX
519,10.94,2004-05-21T00:00:00,5/21/2004,2004-05-21,11.75,9.79,MFV,XMFVX
520,10.95,2004-05-28T00:00:00,5/28/2004,2004-05-28,9.94,9.96,MFV,XMFVX
521,10.95,2004-06-04T00:00:00,6/4/2004,2004-06-04,9.83,9.97,MFV,XMFVX
522,10.72,2004-06-18T00:00:00,6/18/2004,2004-06-18,6.24,10.09,MFV,XMFVX
523,10.71,2004-06-25T00:00:00,6/25/2004,2004-06-25,5.41,10.16,MFV,XMFVX
524,10.92,2004-07-02T00:00:00,7/2/2004,2004-07-02,7.48,10.16,MFV,XMFVX
525,10.91,2004-07-09T00:00:00,7/9/2004,2004-07-09,7.81,10.12,MFV,XMFVX
526,11.25,2004-07-16T00:00:00,7/16/2004,2004-07-16,11.72,10.07,MFV,XMFVX
527,11.16,2004-07-23T00:00:00,7/23/2004,2004-07-23,11.82,9.98,MFV,XMFVX
528,11.37,2004-07-30T00:00:00,7/30/2004,2004-07-30,14.85,9.9,MFV,XMFVX
529,11.09,2004-08-06T00:00:00,8/6/2004,2004-08-06,13.05,9.81,MFV,XMFVX
530,11.0,2004-08-13T00:00:00,8/13/2004,2004-08-13,13.4,9.7,MFV,XMFVX
531,11.11,2004-08-20T00:00:00,8/20/2004,2004-08-20,12.22,9.9,MFV,XMFVX
532,11.21,2004-08-27T00:00:00,8/27/2004,2004-08-27,12.89,9.93,MFV,XMFVX
533,11.26,2004-09-03T00:00:00,9/3/2004,2004-09-03,12.6,10.0,MFV,XMFVX
534,11.3,2004-09-10T00:00:00,9/10/2004,2004-09-10,11.88,10.1,MFV,XMFVX
535,11.28,2004-09-17T00:00:00,9/17/2004,2004-09-17,12.35,10.04,MFV,XMFVX
536,11.5,2004-09-24T00:00:00,9/24/2004,2004-09-24,14.89,10.01,MFV,XMFVX
537,11.4,2004-10-01T00:00:00,10/1/2004,2004-10-01,13.32,10.06,MFV,XMFVX
538,11.38,2004-10-08T00:00:00,10/8/2004,2004-10-08,12.78,10.09,MFV,XMFVX
539,11.73,2004-10-15T00:00:00,10/15/2004,2004-10-15,17.77,9.96,MFV,XMFVX
540,11.68,2004-10-22T00:00:00,10/22/2004,2004-10-22,16.8,10.0,MFV,XMFVX
541,11.6,2004-10-29T00:00:00,10/29/2004,2004-10-29,14.62,10.12,MFV,XMFVX
542,11.7,2004-11-05T00:00:00,11/5/2004,2004-11-05,14.26,10.24,MFV,XMFVX
543,11.51,2004-11-12T00:00:00,11/12/2004,2004-11-12,12.95,10.19,MFV,XMFVX
544,11.52,2004-11-19T00:00:00,11/19/2004,2004-11-19,12.06,10.28,MFV,XMFVX
545,11.75,2004-11-26T00:00:00,11/26/2004,2004-11-26,13.53,10.35,MFV,XMFVX
546,11.67,2004-12-03T00:00:00,12/3/2004,2004-12-03,12.1,10.41,MFV,XMFVX
547,11.78,2004-12-10T00:00:00,12/10/2004,2004-12-10,12.62,10.46,MFV,XMFVX
548,11.68,2004-12-17T00:00:00,12/17/2004,2004-12-17,12.31,10.4,MFV,XMFVX
549,12.0,2005-01-07T00:00:00,1/7/2005,2005-01-07,14.94,10.44,MFV,XMFVX
550,11.76,2005-01-14T00:00:00,1/14/2005,2005-01-14,13.73,10.34,MFV,XMFVX
551,11.99,2005-01-21T00:00:00,1/21/2005,2005-01-21,16.98,10.25,MFV,XMFVX
552,12.0,2005-01-28T00:00:00,1/28/2005,2005-01-28,16.39,10.31,MFV,XMFVX
553,12.08,2005-02-04T00:00:00,2/4/2005,2005-02-04,15.38,10.47,MFV,XMFVX
554,12.14,2005-02-11T00:00:00,2/11/2005,2005-02-11,16.96,10.38,MFV,XMFVX
555,11.68,2005-02-18T00:00:00,2/18/2005,2005-02-18,12.2,10.41,MFV,XMFVX
556,11.82,2005-02-25T00:00:00,2/25/2005,2005-02-25,13.33,10.43,MFV,XMFVX
557,11.97,2005-03-04T00:00:00,3/4/2005,2005-03-04,14.11,10.49,MFV,XMFVX
558,11.98,2005-03-11T00:00:00,3/11/2005,2005-03-11,15.97,10.33,MFV,XMFVX
559,11.85,2005-03-18T00:00:00,3/18/2005,2005-03-18,16.06,10.21,MFV,XMFVX
560,10.56,2005-04-01T00:00:00,4/1/2005,2005-04-01,4.76,10.08,MFV,XMFVX
561,10.85,2005-04-08T00:00:00,4/8/2005,2005-04-08,6.79,10.16,MFV,XMFVX
562,10.8,2005-04-15T00:00:00,4/15/2005,2005-04-15,9.2,9.89,MFV,XMFVX
563,10.7,2005-04-22T00:00:00,4/22/2005,2005-04-22,7.75,9.93,MFV,XMFVX
564,10.91,2005-04-29T00:00:00,4/29/2005,2005-04-29,11.78,9.76,MFV,XMFVX
565,11.25,2005-05-06T00:00:00,5/6/2005,2005-05-06,14.33,9.84,MFV,XMFVX
566,11.16,2005-05-13T00:00:00,5/13/2005,2005-05-13,16.13,9.61,MFV,XMFVX
567,11.1,2005-05-20T00:00:00,5/20/2005,2005-05-20,14.79,9.67,MFV,XMFVX
568,11.4,2005-05-27T00:00:00,5/27/2005,2005-05-27,15.38,9.88,MFV,XMFVX
569,11.26,2005-06-03T00:00:00,6/3/2005,2005-06-03,12.26,10.03,MFV,XMFVX
570,10.81,2005-06-10T00:00:00,6/10/2005,2005-06-10,8.64,9.95,MFV,XMFVX
571,10.85,2005-06-17T00:00:00,6/17/2005,2005-06-17,8.18,10.03,MFV,XMFVX
572,10.77,2005-06-24T00:00:00,6/24/2005,2005-06-24,7.7,10.0,MFV,XMFVX
573,10.92,2005-07-01T00:00:00,7/1/2005,2005-07-01,8.55,10.06,MFV,XMFVX
574,11.01,2005-07-08T00:00:00,7/8/2005,2005-07-08,8.69,10.13,MFV,XMFVX
575,11.13,2005-07-15T00:00:00,7/15/2005,2005-07-15,9.66,10.15,MFV,XMFVX
576,11.54,2005-07-22T00:00:00,7/22/2005,2005-07-22,13.58,10.16,MFV,XMFVX
577,11.33,2005-07-29T00:00:00,7/29/2005,2005-07-29,10.64,10.24,MFV,XMFVX
578,11.37,2005-08-05T00:00:00,8/5/2005,2005-08-05,10.71,10.27,MFV,XMFVX
579,11.28,2005-08-12T00:00:00,8/12/2005,2005-08-12,10.26,10.23,MFV,XMFVX
580,11.3,2005-08-19T00:00:00,8/19/2005,2005-08-19,10.78,10.2,MFV,XMFVX
581,11.43,2005-08-26T00:00:00,8/26/2005,2005-08-26,11.95,10.21,MFV,XMFVX
582,11.31,2005-09-02T00:00:00,9/2/2005,2005-09-02,11.1,10.18,MFV,XMFVX
583,11.3,2005-09-09T00:00:00,9/9/2005,2005-09-09,11.55,10.13,MFV,XMFVX
584,11.54,2005-09-16T00:00:00,9/16/2005,2005-09-16,14.71,10.06,MFV,XMFVX
585,11.45,2005-09-23T00:00:00,9/23/2005,2005-09-23,15.08,9.95,MFV,XMFVX
586,11.4,2005-09-30T00:00:00,9/30/2005,2005-09-30,14.23,9.98,MFV,XMFVX
587,11.48,2005-10-07T00:00:00,10/7/2005,2005-10-07,16.79,9.83,MFV,XMFVX
588,10.9,2005-10-14T00:00:00,10/14/2005,2005-10-14,13.07,9.64,MFV,XMFVX
589,10.74,2005-10-21T00:00:00,10/21/2005,2005-10-21,11.64,9.62,MFV,XMFVX
590,10.76,2005-10-28T00:00:00,10/28/2005,2005-10-28,11.85,9.62,MFV,XMFVX
591,10.81,2005-11-04T00:00:00,11/4/2005,2005-11-04,11.67,9.68,MFV,XMFVX
592,10.71,2005-11-18T00:00:00,11/18/2005,2005-11-18,10.87,9.66,MFV,XMFVX
593,10.62,2005-11-25T00:00:00,11/25/2005,2005-11-25,9.37,9.71,MFV,XMFVX
594,10.5,2005-12-02T00:00:00,12/2/2005,2005-12-02,7.8,9.74,MFV,XMFVX
595,9.76,2005-12-09T00:00:00,12/9/2005,2005-12-09,0.62,9.7,MFV,XMFVX
596,9.39,2005-12-16T00:00:00,12/16/2005,2005-12-16,-3.2,9.7,MFV,XMFVX
597,9.5,2005-12-23T00:00:00,12/23/2005,2005-12-23,-2.16,9.71,MFV,XMFVX
598,9.38,2005-12-30T00:00:00,12/30/2005,2005-12-30,-3.3,9.7,MFV,XMFVX
599,9.99,2006-01-06T00:00:00,1/6/2006,2006-01-06,0.81,9.91,MFV,XMFVX
600,9.88,2006-01-13T00:00:00,1/13/2006,2006-01-13,0.61,9.82,MFV,XMFVX
601,9.87,2006-01-20T00:00:00,1/20/2006,2006-01-20,0.71,9.8,MFV,XMFVX
602,9.85,2006-01-27T00:00:00,1/27/2006,2006-01-27,-0.2,9.87,MFV,XMFVX
603,9.73,2006-02-03T00:00:00,2/3/2006,2006-02-03,-0.61,9.79,MFV,XMFVX
604,9.89,2006-02-17T00:00:00,2/17/2006,2006-02-17,1.85,9.71,MFV,XMFVX
605,9.95,2006-02-24T00:00:00,2/24/2006,2006-02-24,2.05,9.75,MFV,XMFVX
606,10.46,2006-03-03T00:00:00,3/3/2006,2006-03-03,7.17,9.76,MFV,XMFVX
607,10.35,2006-03-10T00:00:00,3/10/2006,2006-03-10,7.81,9.6,MFV,XMFVX
608,10.43,2006-03-17T00:00:00,3/17/2006,2006-03-17,7.97,9.66,MFV,XMFVX
609,10.34,2006-03-24T00:00:00,3/24/2006,2006-03-24,6.6,9.7,MFV,XMFVX
610,10.19,2006-03-31T00:00:00,3/31/2006,2006-03-31,4.51,9.75,MFV,XMFVX
611,10.34,2006-04-07T00:00:00,4/7/2006,2006-04-07,5.08,9.84,MFV,XMFVX
612,9.99,2006-04-14T00:00:00,4/14/2006,2006-04-14,2.57,9.74,MFV,XMFVX
613,10.08,2006-04-21T00:00:00,4/21/2006,2006-04-21,2.75,9.81,MFV,XMFVX
614,9.86,2006-04-28T00:00:00,4/28/2006,2006-04-28,0.41,9.82,MFV,XMFVX
615,9.98,2006-05-05T00:00:00,5/5/2006,2006-05-05,0.71,9.91,MFV,XMFVX
616,9.99,2006-05-12T00:00:00,5/12/2006,2006-05-12,2.36,9.76,MFV,XMFVX
617,9.99,2006-05-19T00:00:00,5/19/2006,2006-05-19,3.42,9.66,MFV,XMFVX
618,10.25,2006-05-26T00:00:00,5/26/2006,2006-05-26,6.11,9.66,MFV,XMFVX
619,10.25,2006-06-02T00:00:00,6/2/2006,2006-06-02,5.89,9.68,MFV,XMFVX
620,9.9,2006-06-09T00:00:00,6/9/2006,2006-06-09,4.76,9.45,MFV,XMFVX
621,9.95,2006-06-16T00:00:00,6/16/2006,2006-06-16,6.08,9.38,MFV,XMFVX
622,9.99,2006-06-23T00:00:00,6/23/2006,2006-06-23,7.42,9.3,MFV,XMFVX
623,9.88,2006-06-30T00:00:00,6/30/2006,2006-06-30,4.44,9.46,MFV,XMFVX
624,9.8,2006-07-07T00:00:00,7/7/2006,2006-07-07,3.81,9.44,MFV,XMFVX
625,9.68,2006-07-14T00:00:00,7/14/2006,2006-07-14,4.65,9.25,MFV,XMFVX
626,9.81,2006-07-21T00:00:00,7/21/2006,2006-07-21,6.28,9.23,MFV,XMFVX
627,10.28,2006-07-28T00:00:00,7/28/2006,2006-07-28,9.95,9.35,MFV,XMFVX
628,10.1,2006-08-04T00:00:00,8/4/2006,2006-08-04,8.14,9.34,MFV,XMFVX
629,9.98,2006-08-11T00:00:00,8/11/2006,2006-08-11,8.24,9.22,MFV,XMFVX
630,10.15,2006-08-18T00:00:00,8/18/2006,2006-08-18,8.91,9.32,MFV,XMFVX
631,10.13,2006-08-25T00:00:00,8/25/2006,2006-08-25,8.57,9.33,MFV,XMFVX
632,10.61,2006-09-01T00:00:00,9/1/2006,2006-09-01,12.63,9.42,MFV,XMFVX
633,10.5,2006-09-08T00:00:00,9/8/2006,2006-09-08,11.7,9.4,MFV,XMFVX
634,10.6,2006-09-15T00:00:00,9/15/2006,2006-09-15,12.17,9.45,MFV,XMFVX
635,10.6,2006-09-22T00:00:00,9/22/2006,2006-09-22,12.53,9.42,MFV,XMFVX
636,10.68,2006-09-29T00:00:00,9/29/2006,2006-09-29,12.66,9.48,MFV,XMFVX
637,10.79,2006-10-06T00:00:00,10/6/2006,2006-10-06,13.46,9.51,MFV,XMFVX
638,11.0,2006-10-13T00:00:00,10/13/2006,2006-10-13,15.79,9.5,MFV,XMFVX
639,11.04,2006-10-20T00:00:00,10/20/2006,2006-10-20,16.21,9.5,MFV,XMFVX
640,11.04,2006-10-27T00:00:00,10/27/2006,2006-10-27,15.97,9.52,MFV,XMFVX
641,10.98,2006-11-03T00:00:00,11/3/2006,2006-11-03,15.09,9.54,MFV,XMFVX
642,11.05,2006-11-10T00:00:00,11/10/2006,2006-11-10,15.83,9.54,MFV,XMFVX
643,10.54,2006-11-17T00:00:00,11/17/2006,2006-11-17,9.79,9.6,MFV,XMFVX
644,10.7,2006-11-24T00:00:00,11/24/2006,2006-11-24,11.57,9.59,MFV,XMFVX
645,10.58,2006-12-01T00:00:00,12/1/2006,2006-12-01,9.52,9.66,MFV,XMFVX
646,10.41,2006-12-08T00:00:00,12/8/2006,2006-12-08,7.1,9.72,MFV,XMFVX
647,10.4,2006-12-15T00:00:00,12/15/2006,2006-12-15,7.77,9.65,MFV,XMFVX
648,10.31,2006-12-22T00:00:00,12/22/2006,2006-12-22,6.62,9.67,MFV,XMFVX
649,10.42,2006-12-29T00:00:00,12/29/2006,2006-12-29,7.53,9.69,MFV,XMFVX
650,10.6,2007-01-05T00:00:00,1/5/2007,2007-01-05,9.39,9.69,MFV,XMFVX
651,10.68,2007-01-12T00:00:00,1/12/2007,2007-01-12,9.88,9.72,MFV,XMFVX
652,10.78,2007-01-19T00:00:00,1/19/2007,2007-01-19,10.22,9.78,MFV,XMFVX
653,10.67,2007-01-26T00:00:00,1/26/2007,2007-01-26,8.99,9.79,MFV,XMFVX
654,11.02,2007-02-02T00:00:00,2/2/2007,2007-02-02,11.65,9.87,MFV,XMFVX
655,11.19,2007-02-09T00:00:00,2/9/2007,2007-02-09,13.84,9.83,MFV,XMFVX
656,11.2,2007-02-16T00:00:00,2/16/2007,2007-02-16,13.25,9.89,MFV,XMFVX
657,11.04,2007-02-23T00:00:00,2/23/2007,2007-02-23,11.18,9.93,MFV,XMFVX
658,11.0,2007-03-02T00:00:00,3/2/2007,2007-03-02,12.47,9.78,MFV,XMFVX
659,10.84,2007-03-09T00:00:00,3/9/2007,2007-03-09,10.95,9.77,MFV,XMFVX
660,10.63,2007-03-16T00:00:00,3/16/2007,2007-03-16,9.14,9.74,MFV,XMFVX
661,10.67,2007-03-23T00:00:00,3/23/2007,2007-03-23,8.43,9.84,MFV,XMFVX
662,10.75,2007-03-30T00:00:00,3/30/2007,2007-03-30,9.58,9.81,MFV,XMFVX
663,10.76,2007-04-13T00:00:00,4/13/2007,2007-04-13,9.24,9.85,MFV,XMFVX
664,11.13,2007-04-20T00:00:00,4/20/2007,2007-04-20,11.75,9.96,MFV,XMFVX
665,11.08,2007-04-27T00:00:00,4/27/2007,2007-04-27,10.25,10.05,MFV,XMFVX
666,11.09,2007-05-04T00:00:00,5/4/2007,2007-05-04,9.48,10.13,MFV,XMFVX
667,11.0,2007-05-11T00:00:00,5/11/2007,2007-05-11,9.67,10.03,MFV,XMFVX
668,11.15,2007-05-18T00:00:00,5/18/2007,2007-05-18,10.95,10.05,MFV,XMFVX
669,11.07,2007-05-25T00:00:00,5/25/2007,2007-05-25,9.71,10.09,MFV,XMFVX
670,11.21,2007-06-01T00:00:00,6/1/2007,2007-06-01,10.55,10.14,MFV,XMFVX
671,11.0,2007-06-08T00:00:00,6/8/2007,2007-06-08,9.45,10.05,MFV,XMFVX
672,11.05,2007-06-15T00:00:00,6/15/2007,2007-06-15,10.28,10.02,MFV,XMFVX
673,11.01,2007-06-22T00:00:00,6/22/2007,2007-06-22,10.99,9.92,MFV,XMFVX
674,11.1,2007-06-29T00:00:00,6/29/2007,2007-06-29,12.12,9.9,MFV,XMFVX
675,11.21,2007-07-06T00:00:00,7/6/2007,2007-07-06,12.89,9.93,MFV,XMFVX
676,10.7,2007-07-13T00:00:00,7/13/2007,2007-07-13,8.74,9.84,MFV,XMFVX
677,10.65,2007-07-20T00:00:00,7/20/2007,2007-07-20,9.57,9.72,MFV,XMFVX
678,10.02,2007-07-27T00:00:00,7/27/2007,2007-07-27,7.97,9.28,MFV,XMFVX
679,10.35,2007-08-03T00:00:00,8/3/2007,2007-08-03,12.13,9.23,MFV,XMFVX
680,9.49,2007-08-10T00:00:00,8/10/2007,2007-08-10,4.06,9.12,MFV,XMFVX
681,8.5,2007-08-17T00:00:00,8/17/2007,2007-08-17,-5.56,9.0,MFV,XMFVX
682,9.86,2007-08-24T00:00:00,8/24/2007,2007-08-24,8.23,9.11,MFV,XMFVX
683,9.5,2007-08-31T00:00:00,8/31/2007,2007-08-31,4.74,9.07,MFV,XMFVX
684,9.4,2007-09-07T00:00:00,9/7/2007,2007-09-07,3.98,9.04,MFV,XMFVX
685,9.31,2007-09-14T00:00:00,9/14/2007,2007-09-14,3.33,9.01,MFV,XMFVX
686,9.25,2007-09-21T00:00:00,9/21/2007,2007-09-21,1.09,9.15,MFV,XMFVX
687,9.16,2007-09-28T00:00:00,9/28/2007,2007-09-28,0.11,9.15,MFV,XMFVX
688,9.23,2007-10-05T00:00:00,10/5/2007,2007-10-05,-0.75,9.3,MFV,XMFVX
689,9.05,2007-10-12T00:00:00,10/12/2007,2007-10-12,-2.16,9.25,MFV,XMFVX
690,8.7,2007-10-19T00:00:00,10/19/2007,2007-10-19,-3.55,9.02,MFV,XMFVX
691,8.76,2007-10-26T00:00:00,10/26/2007,2007-10-26,-3.63,9.09,MFV,XMFVX
692,8.5,2007-11-02T00:00:00,11/2/2007,2007-11-02,-5.03,8.95,MFV,XMFVX
693,8.35,2007-11-09T00:00:00,11/9/2007,2007-11-09,-5.11,8.8,MFV,XMFVX
694,8.18,2007-11-16T00:00:00,11/16/2007,2007-11-16,-5.98,8.7,MFV,XMFVX
695,7.8,2007-11-23T00:00:00,11/23/2007,2007-11-23,-8.56,8.53,MFV,XMFVX
696,7.89,2007-11-30T00:00:00,11/30/2007,2007-11-30,-8.57,8.63,MFV,XMFVX
697,7.89,2007-12-07T00:00:00,12/7/2007,2007-12-07,-9.21,8.69,MFV,XMFVX
698,7.62,2007-12-14T00:00:00,12/14/2007,2007-12-14,-10.56,8.52,MFV,XMFVX
699,7.56,2007-12-21T00:00:00,12/21/2007,2007-12-21,-10.95,8.49,MFV,XMFVX
700,7.61,2007-12-28T00:00:00,12/28/2007,2007-12-28,-10.26,8.48,MFV,XMFVX
701,7.68,2008-01-04T00:00:00,1/4/2008,2008-01-04,-7.91,8.34,MFV,XMFVX
702,7.5,2008-01-11T00:00:00,1/11/2008,2008-01-11,-8.2,8.17,MFV,XMFVX
703,7.19,2008-01-18T00:00:00,1/18/2008,2008-01-18,-10.79,8.06,MFV,XMFVX
704,7.39,2008-01-25T00:00:00,1/25/2008,2008-01-25,-9.33,8.15,MFV,XMFVX
705,7.62,2008-02-01T00:00:00,2/1/2008,2008-02-01,-7.52,8.24,MFV,XMFVX
706,7.66,2008-02-08T00:00:00,2/8/2008,2008-02-08,-4.96,8.06,MFV,XMFVX
707,7.38,2008-02-15T00:00:00,2/15/2008,2008-02-15,-7.4,7.97,MFV,XMFVX
708,7.47,2008-02-22T00:00:00,2/22/2008,2008-02-22,-6.27,7.97,MFV,XMFVX
709,7.33,2008-02-29T00:00:00,2/29/2008,2008-02-29,-7.45,7.92,MFV,XMFVX
710,7.18,2008-03-07T00:00:00,3/7/2008,2008-03-07,-8.42,7.84,MFV,XMFVX
711,7.08,2008-03-14T00:00:00,3/14/2008,2008-03-14,-8.17,7.71,MFV,XMFVX
712,6.92,2008-03-28T00:00:00,3/28/2008,2008-03-28,-11.51,7.82,MFV,XMFVX
713,7.2,2008-04-04T00:00:00,4/4/2008,2008-04-04,-9.21,7.93,MFV,XMFVX
714,7.01,2008-04-11T00:00:00,4/11/2008,2008-04-11,-10.81,7.86,MFV,XMFVX
715,7.18,2008-04-18T00:00:00,4/18/2008,2008-04-18,-9.91,7.97,MFV,XMFVX
716,7.25,2008-04-25T00:00:00,4/25/2008,2008-04-25,-9.94,8.05,MFV,XMFVX
717,7.39,2008-05-02T00:00:00,5/2/2008,2008-05-02,-9.33,8.15,MFV,XMFVX
718,7.4,2008-05-09T00:00:00,5/9/2008,2008-05-09,-8.07,8.05,MFV,XMFVX
719,7.56,2008-05-16T00:00:00,5/16/2008,2008-05-16,-6.9,8.12,MFV,XMFVX
720,7.46,2008-05-23T00:00:00,5/23/2008,2008-05-23,-7.9,8.1,MFV,XMFVX
721,7.6,2008-05-30T00:00:00,5/30/2008,2008-05-30,-6.17,8.1,MFV,XMFVX
722,7.55,2008-06-06T00:00:00,6/6/2008,2008-06-06,-6.79,8.1,MFV,XMFVX
723,7.46,2008-06-13T00:00:00,6/13/2008,2008-06-13,-6.63,7.99,MFV,XMFVX
724,7.31,2008-06-20T00:00:00,6/20/2008,2008-06-20,-7.82,7.93,MFV,XMFVX
725,7.09,2008-06-27T00:00:00,6/27/2008,2008-06-27,-8.63,7.76,MFV,XMFVX
726,6.81,2008-07-11T00:00:00,7/11/2008,2008-07-11,-9.44,7.52,MFV,XMFVX
727,6.8,2008-07-18T00:00:00,7/18/2008,2008-07-18,-10.17,7.57,MFV,XMFVX
728,6.71,2008-07-25T00:00:00,7/25/2008,2008-07-25,-11.24,7.56,MFV,XMFVX
729,6.89,2008-08-01T00:00:00,8/1/2008,2008-08-01,-8.62,7.54,MFV,XMFVX
730,6.85,2008-08-08T00:00:00,8/8/2008,2008-08-08,-9.15,7.54,MFV,XMFVX
731,6.78,2008-08-15T00:00:00,8/15/2008,2008-08-15,-9.96,7.53,MFV,XMFVX
732,6.83,2008-08-22T00:00:00,8/22/2008,2008-08-22,-8.45,7.46,MFV,XMFVX
733,6.65,2008-08-29T00:00:00,8/29/2008,2008-08-29,-10.74,7.45,MFV,XMFVX
734,6.71,2008-09-05T00:00:00,9/5/2008,2008-09-05,-9.57,7.42,MFV,XMFVX
735,6.49,2008-09-12T00:00:00,9/12/2008,2008-09-12,-11.58,7.34,MFV,XMFVX
736,5.95,2008-09-19T00:00:00,9/19/2008,2008-09-19,-17.13,7.18,MFV,XMFVX
737,5.56,2008-09-26T00:00:00,9/26/2008,2008-09-26,-19.3,6.89,MFV,XMFVX
738,5.23,2008-10-03T00:00:00,10/3/2008,2008-10-03,-19.29,6.48,MFV,XMFVX
739,3.75,2008-10-10T00:00:00,10/10/2008,2008-10-10,-33.04,5.6,MFV,XMFVX
740,4.82,2008-10-17T00:00:00,10/17/2008,2008-10-17,-11.56,5.45,MFV,XMFVX
741,4.25,2008-10-24T00:00:00,10/24/2008,2008-10-24,-19.96,5.31,MFV,XMFVX
742,4.75,2008-10-31T00:00:00,10/31/2008,2008-10-31,-11.38,5.36,MFV,XMFVX
743,4.42,2008-11-07T00:00:00,11/7/2008,2008-11-07,-17.23,5.34,MFV,XMFVX
744,4.05,2008-11-14T00:00:00,11/14/2008,2008-11-14,-21.05,5.13,MFV,XMFVX
745,3.35,2008-11-21T00:00:00,11/21/2008,2008-11-21,-27.65,4.63,MFV,XMFVX
746,3.86,2008-11-28T00:00:00,11/28/2008,2008-11-28,-18.22,4.72,MFV,XMFVX
747,3.6,2008-12-05T00:00:00,12/5/2008,2008-12-05,-20.7,4.54,MFV,XMFVX
748,3.56,2008-12-12T00:00:00,12/12/2008,2008-12-12,-20.54,4.48,MFV,XMFVX
749,3.4,2008-12-19T00:00:00,12/19/2008,2008-12-19,-26.41,4.62,MFV,XMFVX
750,3.58,2008-12-26T00:00:00,12/26/2008,2008-12-26,-23.83,4.7,MFV,XMFVX
751,4.08,2009-01-02T00:00:00,1/2/2009,2009-01-02,-16.73,4.9,MFV,XMFVX
752,4.38,2009-01-09T00:00:00,1/9/2009,2009-01-09,-15.44,5.18,MFV,XMFVX
753,4.2,2009-01-16T00:00:00,1/16/2009,2009-01-16,-16.83,5.05,MFV,XMFVX
754,4.06,2009-01-23T00:00:00,1/23/2009,2009-01-23,-18.31,4.97,MFV,XMFVX
755,4.47,2009-01-30T00:00:00,1/30/2009,2009-01-30,-11.31,5.04,MFV,XMFVX
756,4.45,2009-02-06T00:00:00,2/6/2009,2009-02-06,-11.88,5.05,MFV,XMFVX
757,4.32,2009-02-13T00:00:00,2/13/2009,2009-02-13,-12.9,4.96,MFV,XMFVX
758,4.26,2009-02-20T00:00:00,2/20/2009,2009-02-20,-11.62,4.82,MFV,XMFVX
759,4.09,2009-02-27T00:00:00,2/27/2009,2009-02-27,-13.53,4.73,MFV,XMFVX
760,3.85,2009-03-06T00:00:00,3/6/2009,2009-03-06,-14.63,4.51,MFV,XMFVX
761,3.71,2009-03-13T00:00:00,3/13/2009,2009-03-13,-19.35,4.6,MFV,XMFVX
762,3.77,2009-03-20T00:00:00,3/20/2009,2009-03-20,-19.1,4.66,MFV,XMFVX
763,4.0,2009-03-27T00:00:00,3/27/2009,2009-03-27,-17.36,4.84,MFV,XMFVX
764,4.03,2009-04-03T00:00:00,4/3/2009,2009-04-03,-18.09,4.92,MFV,XMFVX
765,4.2,2009-04-17T00:00:00,4/17/2009,2009-04-17,-18.76,5.17,MFV,XMFVX
766,4.3,2009-04-24T00:00:00,4/24/2009,2009-04-24,-17.31,5.2,MFV,XMFVX
767,4.43,2009-05-01T00:00:00,5/1/2009,2009-05-01,-17.35,5.36,MFV,XMFVX
768,4.7,2009-05-08T00:00:00,5/8/2009,2009-05-08,-15.47,5.56,MFV,XMFVX
769,4.51,2009-05-15T00:00:00,5/15/2009,2009-05-15,-17.25,5.45,MFV,XMFVX
770,4.69,2009-05-22T00:00:00,5/22/2009,2009-05-22,-16.1,5.59,MFV,XMFVX
771,4.88,2009-05-29T00:00:00,5/29/2009,2009-05-29,-13.93,5.67,MFV,XMFVX
772,5.13,2009-06-05T00:00:00,6/5/2009,2009-06-05,-11.55,5.8,MFV,XMFVX
773,5.05,2009-06-12T00:00:00,6/12/2009,2009-06-12,-13.97,5.87,MFV,XMFVX
774,5.11,2009-06-19T00:00:00,6/19/2009,2009-06-19,-11.44,5.77,MFV,XMFVX
775,4.96,2009-06-26T00:00:00,6/26/2009,2009-06-26,-14.19,5.78,MFV,XMFVX
776,5.19,2009-07-10T00:00:00,7/10/2009,2009-07-10,-11.13,5.84,MFV,XMFVX
777,5.27,2009-07-17T00:00:00,7/17/2009,2009-07-17,-10.37,5.88,MFV,XMFVX
778,5.4,2009-07-24T00:00:00,7/24/2009,2009-07-24,-11.48,6.1,MFV,XMFVX
779,5.55,2009-07-31T00:00:00,7/31/2009,2009-07-31,-11.48,6.27,MFV,XMFVX
780,6.0,2009-08-07T00:00:00,8/7/2009,2009-08-07,-6.1,6.39,MFV,XMFVX
781,5.83,2009-08-14T00:00:00,8/14/2009,2009-08-14,-7.9,6.33,MFV,XMFVX
782,5.79,2009-08-21T00:00:00,8/21/2009,2009-08-21,-7.95,6.29,MFV,XMFVX
783,5.85,2009-08-28T00:00:00,8/28/2009,2009-08-28,-7.87,6.35,MFV,XMFVX
784,5.83,2009-09-04T00:00:00,9/4/2009,2009-09-04,-8.33,6.36,MFV,XMFVX
785,5.74,2009-09-11T00:00:00,9/11/2009,2009-09-11,-10.45,6.41,MFV,XMFVX
786,6.11,2009-09-18T00:00:00,9/18/2009,2009-09-18,-7.0,6.57,MFV,XMFVX
787,6.38,2009-09-25T00:00:00,9/25/2009,2009-09-25,-3.77,6.63,MFV,XMFVX
788,6.08,2009-10-02T00:00:00,10/2/2009,2009-10-02,-8.02,6.61,MFV,XMFVX
789,6.23,2009-10-09T00:00:00,10/9/2009,2009-10-09,-7.43,6.73,MFV,XMFVX
790,6.11,2009-10-16T00:00:00,10/16/2009,2009-10-16,-9.48,6.75,MFV,XMFVX
791,6.18,2009-10-23T00:00:00,10/23/2009,2009-10-23,-8.98,6.79,MFV,XMFVX
792,6.23,2009-10-30T00:00:00,10/30/2009,2009-10-30,-7.15,6.71,MFV,XMFVX
793,6.32,2009-11-06T00:00:00,11/6/2009,2009-11-06,-6.23,6.74,MFV,XMFVX
794,6.45,2009-11-13T00:00:00,11/13/2009,2009-11-13,-4.3,6.74,MFV,XMFVX
795,6.15,2009-11-20T00:00:00,11/20/2009,2009-11-20,-8.75,6.74,MFV,XMFVX
796,6.16,2009-11-27T00:00:00,11/27/2009,2009-11-27,-9.01,6.77,MFV,XMFVX
797,6.35,2009-12-04T00:00:00,12/4/2009,2009-12-04,-7.03,6.83,MFV,XMFVX
798,6.34,2009-12-11T00:00:00,12/11/2009,2009-12-11,-6.9,6.81,MFV,XMFVX
799,6.59,2009-12-18T00:00:00,12/18/2009,2009-12-18,-3.65,6.84,MFV,XMFVX
800,7.05,2010-01-08T00:00:00,1/8/2010,2010-01-08,-0.14,7.06,MFV,XMFVX
801,6.9,2010-01-15T00:00:00,1/15/2010,2010-01-15,-1.85,7.03,MFV,XMFVX
802,6.87,2010-01-22T00:00:00,1/22/2010,2010-01-22,-1.15,6.95,MFV,XMFVX
803,6.84,2010-01-29T00:00:00,1/29/2010,2010-01-29,-1.01,6.91,MFV,XMFVX
804,6.56,2010-02-05T00:00:00,2/5/2010,2010-02-05,-4.65,6.88,MFV,XMFVX
805,6.8,2010-02-12T00:00:00,2/12/2010,2010-02-12,0.59,6.76,MFV,XMFVX
806,6.52,2010-02-19T00:00:00,2/19/2010,2010-02-19,-5.37,6.89,MFV,XMFVX
807,6.73,2010-02-26T00:00:00,2/26/2010,2010-02-26,-2.6,6.91,MFV,XMFVX
808,6.82,2010-03-05T00:00:00,3/5/2010,2010-03-05,-2.85,7.02,MFV,XMFVX
809,6.87,2010-03-12T00:00:00,3/12/2010,2010-03-12,-2.28,7.03,MFV,XMFVX
810,6.95,2010-03-19T00:00:00,3/19/2010,2010-03-19,-1.56,7.06,MFV,XMFVX
811,6.89,2010-03-26T00:00:00,3/26/2010,2010-03-26,-2.68,7.08,MFV,XMFVX
812,7.29,2010-04-09T00:00:00,4/9/2010,2010-04-09,1.39,7.19,MFV,XMFVX
813,7.26,2010-04-16T00:00:00,4/16/2010,2010-04-16,0.55,7.22,MFV,XMFVX
814,7.54,2010-04-23T00:00:00,4/23/2010,2010-04-23,3.57,7.28,MFV,XMFVX
815,7.67,2010-04-30T00:00:00,4/30/2010,2010-04-30,5.65,7.26,MFV,XMFVX
816,7.9,2010-05-07T00:00:00,5/7/2010,2010-05-07,12.7,7.01,MFV,XMFVX
817,7.37,2010-05-14T00:00:00,5/14/2010,2010-05-14,4.99,7.02,MFV,XMFVX
818,6.82,2010-05-21T00:00:00,5/21/2010,2010-05-21,-0.15,6.83,MFV,XMFVX
819,7.63,2010-05-28T00:00:00,5/28/2010,2010-05-28,11.39,6.85,MFV,XMFVX
820,8.35,2010-06-04T00:00:00,6/4/2010,2010-06-04,22.79,6.8,MFV,XMFVX
821,7.83,2010-06-11T00:00:00,6/11/2010,2010-06-11,16.0,6.75,MFV,XMFVX
822,7.82,2010-06-18T00:00:00,6/18/2010,2010-06-18,13.66,6.88,MFV,XMFVX
823,7.92,2010-06-25T00:00:00,6/25/2010,2010-06-25,15.96,6.83,MFV,XMFVX
824,7.94,2010-07-02T00:00:00,7/2/2010,2010-07-02,17.63,6.75,MFV,XMFVX
825,7.89,2010-07-09T00:00:00,7/9/2010,2010-07-09,14.85,6.87,MFV,XMFVX
826,7.93,2010-07-16T00:00:00,7/16/2010,2010-07-16,15.77,6.85,MFV,XMFVX
827,7.97,2010-07-23T00:00:00,7/23/2010,2010-07-23,14.84,6.94,MFV,XMFVX
828,7.93,2010-07-30T00:00:00,7/30/2010,2010-07-30,13.61,6.98,MFV,XMFVX
829,8.15,2010-08-06T00:00:00,8/6/2010,2010-08-06,15.6,7.05,MFV,XMFVX
830,8.07,2010-08-13T00:00:00,8/13/2010,2010-08-13,16.96,6.9,MFV,XMFVX
831,7.98,2010-08-20T00:00:00,8/20/2010,2010-08-20,15.65,6.9,MFV,XMFVX
832,7.93,2010-08-27T00:00:00,8/27/2010,2010-08-27,15.26,6.88,MFV,XMFVX
833,7.98,2010-09-03T00:00:00,9/3/2010,2010-09-03,14.66,6.96,MFV,XMFVX
834,8.09,2010-09-10T00:00:00,9/10/2010,2010-09-10,15.41,7.01,MFV,XMFVX
835,8.06,2010-09-17T00:00:00,9/17/2010,2010-09-17,14.65,7.03,MFV,XMFVX
836,7.99,2010-09-24T00:00:00,9/24/2010,2010-09-24,13.01,7.07,MFV,XMFVX
837,8.04,2010-10-01T00:00:00,10/1/2010,2010-10-01,13.08,7.11,MFV,XMFVX
838,8.18,2010-10-08T00:00:00,10/8/2010,2010-10-08,13.77,7.19,MFV,XMFVX
839,8.07,2010-10-15T00:00:00,10/15/2010,2010-10-15,12.55,7.17,MFV,XMFVX
840,7.95,2010-10-22T00:00:00,10/22/2010,2010-10-22,10.72,7.18,MFV,XMFVX
841,7.95,2010-10-29T00:00:00,10/29/2010,2010-10-29,9.96,7.23,MFV,XMFVX
842,7.83,2010-11-05T00:00:00,11/5/2010,2010-11-05,6.68,7.34,MFV,XMFVX
843,7.57,2010-11-12T00:00:00,11/12/2010,2010-11-12,4.7,7.23,MFV,XMFVX
844,7.34,2010-11-19T00:00:00,11/19/2010,2010-11-19,2.09,7.19,MFV,XMFVX
845,7.27,2010-11-26T00:00:00,11/26/2010,2010-11-26,1.68,7.15,MFV,XMFVX
846,7.41,2010-12-03T00:00:00,12/3/2010,2010-12-03,2.77,7.21,MFV,XMFVX
847,7.67,2010-12-10T00:00:00,12/10/2010,2010-12-10,5.94,7.24,MFV,XMFVX
848,7.4,2010-12-17T00:00:00,12/17/2010,2010-12-17,2.64,7.21,MFV,XMFVX
849,7.38,2010-12-31T00:00:00,12/31/2010,2010-12-31,1.37,7.28,MFV,XMFVX
850,7.6,2011-01-07T00:00:00,1/7/2011,2011-01-07,2.98,7.38,MFV,XMFVX
851,7.65,2011-01-14T00:00:00,1/14/2011,2011-01-14,3.94,7.36,MFV,XMFVX
852,7.54,2011-01-21T00:00:00,1/21/2011,2011-01-21,2.31,7.37,MFV,XMFVX
853,7.63,2011-01-28T00:00:00,1/28/2011,2011-01-28,3.39,7.38,MFV,XMFVX
854,7.53,2011-02-04T00:00:00,2/4/2011,2011-02-04,1.21,7.44,MFV,XMFVX
855,7.84,2011-02-11T00:00:00,2/11/2011,2011-02-11,5.38,7.44,MFV,XMFVX
856,8.0,2011-02-18T00:00:00,2/18/2011,2011-02-18,6.67,7.5,MFV,XMFVX
857,8.0,2011-02-25T00:00:00,2/25/2011,2011-02-25,7.24,7.46,MFV,XMFVX
858,8.12,2011-03-04T00:00:00,3/4/2011,2011-03-04,8.41,7.49,MFV,XMFVX
859,7.92,2011-03-11T00:00:00,3/11/2011,2011-03-11,7.05,7.4,MFV,XMFVX
860,8.23,2011-03-18T00:00:00,3/18/2011,2011-03-18,11.82,7.36,MFV,XMFVX
861,8.11,2011-03-25T00:00:00,3/25/2011,2011-03-25,9.45,7.41,MFV,XMFVX
862,8.15,2011-04-01T00:00:00,4/1/2011,2011-04-01,9.1,7.47,MFV,XMFVX
863,8.24,2011-04-08T00:00:00,4/8/2011,2011-04-08,10.01,7.49,MFV,XMFVX
864,8.08,2011-04-15T00:00:00,4/15/2011,2011-04-15,8.89,7.42,MFV,XMFVX
865,8.0,2011-04-29T00:00:00,4/29/2011,2011-04-29,6.67,7.5,MFV,XMFVX
866,8.07,2011-05-06T00:00:00,5/6/2011,2011-05-06,7.89,7.48,MFV,XMFVX
867,8.01,2011-05-13T00:00:00,5/13/2011,2011-05-13,7.95,7.42,MFV,XMFVX
868,8.06,2011-05-20T00:00:00,5/20/2011,2011-05-20,8.48,7.43,MFV,XMFVX
869,8.08,2011-05-27T00:00:00,5/27/2011,2011-05-27,9.04,7.41,MFV,XMFVX
870,8.0,2011-06-03T00:00:00,6/3/2011,2011-06-03,8.7,7.36,MFV,XMFVX
871,7.88,2011-06-10T00:00:00,6/10/2011,2011-06-10,9.29,7.21,MFV,XMFVX
872,7.93,2011-06-17T00:00:00,6/17/2011,2011-06-17,10.75,7.16,MFV,XMFVX
873,7.84,2011-06-24T00:00:00,6/24/2011,2011-06-24,9.5,7.16,MFV,XMFVX
874,7.8,2011-07-01T00:00:00,7/1/2011,2011-07-01,7.14,7.28,MFV,XMFVX
875,7.93,2011-07-08T00:00:00,7/8/2011,2011-07-08,8.33,7.32,MFV,XMFVX
876,7.63,2011-07-15T00:00:00,7/15/2011,2011-07-15,5.83,7.21,MFV,XMFVX
877,7.73,2011-07-22T00:00:00,7/22/2011,2011-07-22,6.18,7.28,MFV,XMFVX
878,7.04,2011-07-29T00:00:00,7/29/2011,2011-07-29,-2.09,7.19,MFV,XMFVX
879,6.81,2011-08-05T00:00:00,8/5/2011,2011-08-05,-1.87,6.94,MFV,XMFVX
880,6.63,2011-08-12T00:00:00,8/12/2011,2011-08-12,-0.75,6.68,MFV,XMFVX
881,6.54,2011-08-19T00:00:00,8/19/2011,2011-08-19,-1.21,6.62,MFV,XMFVX
882,6.83,2011-08-26T00:00:00,8/26/2011,2011-08-26,2.86,6.64,MFV,XMFVX
883,6.89,2011-09-02T00:00:00,9/2/2011,2011-09-02,2.68,6.71,MFV,XMFVX
884,6.84,2011-09-09T00:00:00,9/9/2011,2011-09-09,3.01,6.64,MFV,XMFVX
885,6.73,2011-09-16T00:00:00,9/16/2011,2011-09-16,1.05,6.66,MFV,XMFVX
886,6.59,2011-09-23T00:00:00,9/23/2011,2011-09-23,2.17,6.45,MFV,XMFVX
887,6.5,2011-09-30T00:00:00,9/30/2011,2011-09-30,2.2,6.36,MFV,XMFVX
888,6.46,2011-10-07T00:00:00,10/7/2011,2011-10-07,1.76,6.35,MFV,XMFVX
889,6.43,2011-10-14T00:00:00,10/14/2011,2011-10-14,-1.18,6.51,MFV,XMFVX
890,6.66,2011-10-21T00:00:00,10/21/2011,2011-10-21,0.45,6.63,MFV,XMFVX
891,6.86,2011-10-28T00:00:00,10/28/2011,2011-10-28,0.81,6.8,MFV,XMFVX
892,6.9,2011-11-04T00:00:00,11/4/2011,2011-11-04,2.83,6.71,MFV,XMFVX
893,6.71,2011-11-11T00:00:00,11/11/2011,2011-11-11,0.3,6.69,MFV,XMFVX
894,6.56,2011-11-18T00:00:00,11/18/2011,2011-11-18,0.46,6.53,MFV,XMFVX
895,6.52,2011-11-25T00:00:00,11/25/2011,2011-11-25,2.03,6.39,MFV,XMFVX
896,6.66,2011-12-02T00:00:00,12/2/2011,2011-12-02,1.33,6.57,MFV,XMFVX
897,6.72,2011-12-09T00:00:00,12/9/2011,2011-12-09,1.66,6.61,MFV,XMFVX
898,6.48,2011-12-16T00:00:00,12/16/2011,2011-12-16,-0.31,6.5,MFV,XMFVX
899,6.55,2011-12-23T00:00:00,12/23/2011,2011-12-23,-0.76,6.6,MFV,XMFVX
900,6.43,2011-12-30T00:00:00,12/30/2011,2011-12-30,-2.72,6.61,MFV,XMFVX
901,6.63,2012-01-06T00:00:00,1/6/2012,2012-01-06,-0.75,6.68,MFV,XMFVX
902,6.84,2012-01-13T00:00:00,1/13/2012,2012-01-13,1.94,6.71,MFV,XMFVX
903,6.74,2012-01-20T00:00:00,1/20/2012,2012-01-20,0.45,6.71,MFV,XMFVX
904,6.9,2012-01-27T00:00:00,1/27/2012,2012-01-27,1.77,6.78,MFV,XMFVX
905,7.14,2012-02-03T00:00:00,2/3/2012,2012-02-03,4.23,6.85,MFV,XMFVX
906,7.05,2012-02-10T00:00:00,2/10/2012,2012-02-10,2.92,6.85,MFV,XMFVX
907,7.08,2012-02-17T00:00:00,2/17/2012,2012-02-17,3.66,6.83,MFV,XMFVX
908,7.22,2012-02-24T00:00:00,2/24/2012,2012-02-24,5.03,6.87,MFV,XMFVX
909,7.16,2012-03-02T00:00:00,3/2/2012,2012-03-02,3.47,6.92,MFV,XMFVX
910,7.1,2012-03-09T00:00:00,3/9/2012,2012-03-09,2.9,6.9,MFV,XMFVX
911,7.02,2012-03-16T00:00:00,3/16/2012,2012-03-16,1.89,6.89,MFV,XMFVX
912,7.01,2012-03-23T00:00:00,3/23/2012,2012-03-23,1.89,6.88,MFV,XMFVX
913,7.09,2012-03-30T00:00:00,3/30/2012,2012-03-30,2.76,6.9,MFV,XMFVX
914,7.15,2012-04-13T00:00:00,4/13/2012,2012-04-13,4.69,6.83,MFV,XMFVX
915,7.14,2012-04-20T00:00:00,4/20/2012,2012-04-20,5.0,6.8,MFV,XMFVX
916,7.07,2012-04-27T00:00:00,4/27/2012,2012-04-27,2.91,6.87,MFV,XMFVX
917,7.11,2012-05-04T00:00:00,5/4/2012,2012-05-04,3.34,6.88,MFV,XMFVX
918,7.21,2012-05-11T00:00:00,5/11/2012,2012-05-11,5.41,6.84,MFV,XMFVX
919,6.94,2012-05-18T00:00:00,5/18/2012,2012-05-18,4.68,6.63,MFV,XMFVX
920,7.0,2012-05-25T00:00:00,5/25/2012,2012-05-25,5.42,6.64,MFV,XMFVX
921,6.94,2012-06-01T00:00:00,6/1/2012,2012-06-01,5.95,6.55,MFV,XMFVX
922,6.97,2012-06-08T00:00:00,6/8/2012,2012-06-08,5.13,6.63,MFV,XMFVX
923,6.87,2012-06-15T00:00:00,6/15/2012,2012-06-15,4.09,6.6,MFV,XMFVX
924,6.87,2012-06-22T00:00:00,6/22/2012,2012-06-22,3.47,6.64,MFV,XMFVX
925,7.04,2012-06-29T00:00:00,6/29/2012,2012-06-29,5.11,6.7,MFV,XMFVX
926,7.2,2012-07-06T00:00:00,7/6/2012,2012-07-06,7.14,6.72,MFV,XMFVX
927,7.17,2012-07-13T00:00:00,7/13/2012,2012-07-13,6.38,6.74,MFV,XMFVX
928,7.13,2012-07-20T00:00:00,7/20/2012,2012-07-20,6.26,6.71,MFV,XMFVX
929,7.22,2012-07-27T00:00:00,7/27/2012,2012-07-27,6.96,6.75,MFV,XMFVX
930,7.25,2012-08-03T00:00:00,8/3/2012,2012-08-03,6.46,6.81,MFV,XMFVX
931,7.38,2012-08-10T00:00:00,8/10/2012,2012-08-10,7.74,6.85,MFV,XMFVX
932,7.27,2012-08-17T00:00:00,8/17/2012,2012-08-17,6.91,6.8,MFV,XMFVX
933,7.3,2012-08-24T00:00:00,8/24/2012,2012-08-24,7.04,6.82,MFV,XMFVX
934,7.3,2012-08-31T00:00:00,8/31/2012,2012-08-31,7.1,6.82,MFV,XMFVX
935,7.39,2012-09-07T00:00:00,9/7/2012,2012-09-07,7.1,6.9,MFV,XMFVX
936,7.39,2012-09-14T00:00:00,9/14/2012,2012-09-14,5.72,6.99,MFV,XMFVX
937,7.41,2012-09-21T00:00:00,9/21/2012,2012-09-21,6.77,6.94,MFV,XMFVX
938,7.47,2012-09-28T00:00:00,9/28/2012,2012-09-28,8.36,6.89,MFV,XMFVX
939,7.49,2012-10-05T00:00:00,10/5/2012,2012-10-05,7.77,6.95,MFV,XMFVX
940,7.84,2012-10-12T00:00:00,10/12/2012,2012-10-12,13.29,6.92,MFV,XMFVX
941,7.51,2012-10-19T00:00:00,10/19/2012,2012-10-19,8.84,6.9,MFV,XMFVX
942,7.43,2012-10-26T00:00:00,10/26/2012,2012-10-26,8.31,6.86,MFV,XMFVX
943,7.41,2012-11-02T00:00:00,11/2/2012,2012-11-02,8.18,6.85,MFV,XMFVX
944,7.32,2012-11-09T00:00:00,11/9/2012,2012-11-09,7.49,6.81,MFV,XMFVX
945,6.7,2012-11-16T00:00:00,11/16/2012,2012-11-16,-0.15,6.71,MFV,XMFVX
946,6.92,2012-11-23T00:00:00,11/23/2012,2012-11-23,1.91,6.79,MFV,XMFVX
947,7.08,2012-11-30T00:00:00,11/30/2012,2012-11-30,3.51,6.84,MFV,XMFVX
948,7.16,2012-12-07T00:00:00,12/7/2012,2012-12-07,3.96,6.89,MFV,XMFVX
949,7.08,2012-12-14T00:00:00,12/14/2012,2012-12-14,2.31,6.92,MFV,XMFVX
950,6.9,2012-12-21T00:00:00,12/21/2012,2012-12-21,0.15,6.89,MFV,XMFVX
951,6.84,2012-12-28T00:00:00,12/28/2012,2012-12-28,-0.44,6.87,MFV,XMFVX
952,7.05,2013-01-04T00:00:00,1/4/2013,2013-01-04,1.0,6.98,MFV,XMFVX
953,7.39,2013-01-11T00:00:00,1/11/2013,2013-01-11,5.25,7.02,MFV,XMFVX
954,7.27,2013-01-18T00:00:00,1/18/2013,2013-01-18,4.0,6.99,MFV,XMFVX
955,7.32,2013-01-25T00:00:00,1/25/2013,2013-01-25,4.13,7.03,MFV,XMFVX
956,7.37,2013-02-01T00:00:00,2/1/2013,2013-02-01,4.99,7.02,MFV,XMFVX
957,7.33,2013-02-08T00:00:00,2/8/2013,2013-02-08,4.56,7.01,MFV,XMFVX
958,7.28,2013-02-15T00:00:00,2/15/2013,2013-02-15,4.3,6.98,MFV,XMFVX
959,7.25,2013-02-22T00:00:00,2/22/2013,2013-02-22,3.87,6.98,MFV,XMFVX
960,7.326,2013-03-01T00:00:00,3/1/2013,2013-03-01,4.66,7.0,MFV,XMFVX
961,7.38,2013-03-08T00:00:00,3/8/2013,2013-03-08,4.53,7.06,MFV,XMFVX
962,7.29,2013-03-15T00:00:00,3/15/2013,2013-03-15,3.7,7.03,MFV,XMFVX
963,7.33,2013-03-22T00:00:00,3/22/2013,2013-03-22,4.42,7.02,MFV,XMFVX
964,7.3601,2013-04-05T00:00:00,4/5/2013,2013-04-05,4.4,7.05,MFV,XMFVX
965,7.41,2013-04-12T00:00:00,4/12/2013,2013-04-12,3.93,7.13,MFV,XMFVX
966,7.34,2013-04-19T00:00:00,4/19/2013,2013-04-19,4.56,7.02,MFV,XMFVX
967,7.41,2013-04-26T00:00:00,4/26/2013,2013-04-26,4.66,7.08,MFV,XMFVX
968,7.5,2013-05-03T00:00:00,5/3/2013,2013-05-03,4.75,7.16,MFV,XMFVX
969,7.669,2013-05-10T00:00:00,5/10/2013,2013-05-10,6.66,7.19,MFV,XMFVX
970,7.5,2013-05-17T00:00:00,5/17/2013,2013-05-17,4.6,7.17,MFV,XMFVX
971,7.55,2013-05-24T00:00:00,5/24/2013,2013-05-24,5.89,7.13,MFV,XMFVX
972,7.39,2013-05-31T00:00:00,5/31/2013,2013-05-31,4.53,7.07,MFV,XMFVX
973,7.3086,2013-06-07T00:00:00,6/7/2013,2013-06-07,3.37,7.07,MFV,XMFVX
974,7.19,2013-06-14T00:00:00,6/14/2013,2013-06-14,2.13,7.04,MFV,XMFVX
975,6.95,2013-06-21T00:00:00,6/21/2013,2013-06-21,1.31,6.86,MFV,XMFVX
976,7.27,2013-06-28T00:00:00,6/28/2013,2013-06-28,5.82,6.87,MFV,XMFVX
977,7.04,2013-07-05T00:00:00,7/5/2013,2013-07-05,1.88,6.91,MFV,XMFVX
978,7.1,2013-07-12T00:00:00,7/12/2013,2013-07-12,1.28,7.01,MFV,XMFVX
979,7.05,2013-07-19T00:00:00,7/19/2013,2013-07-19,0.14,7.04,MFV,XMFVX
980,7.2347,2013-07-26T00:00:00,7/26/2013,2013-07-26,2.91,7.03,MFV,XMFVX
981,7.17,2013-08-02T00:00:00,8/2/2013,2013-08-02,1.56,7.06,MFV,XMFVX
982,7.11,2013-08-09T00:00:00,8/9/2013,2013-08-09,1.14,7.03,MFV,XMFVX
983,7.06,2013-08-16T00:00:00,8/16/2013,2013-08-16,2.17,6.91,MFV,XMFVX
984,6.93,2013-08-23T00:00:00,8/23/2013,2013-08-23,0.58,6.89,MFV,XMFVX
985,6.99,2013-08-30T00:00:00,8/30/2013,2013-08-30,1.9,6.86,MFV,XMFVX
986,6.9887,2013-09-06T00:00:00,9/6/2013,2013-09-06,1.43,6.89,MFV,XMFVX
987,7.0,2013-09-13T00:00:00,9/13/2013,2013-09-13,0.57,6.96,MFV,XMFVX
988,7.06,2013-09-20T00:00:00,9/20/2013,2013-09-20,1.29,6.97,MFV,XMFVX
989,7.11,2013-09-27T00:00:00,9/27/2013,2013-09-27,2.45,6.94,MFV,XMFVX
990,7.074,2013-10-04T00:00:00,10/4/2013,2013-10-04,1.93,6.94,MFV,XMFVX
991,7.17,2013-10-11T00:00:00,10/11/2013,2013-10-11,2.87,6.97,MFV,XMFVX
992,7.18,2013-10-18T00:00:00,10/18/2013,2013-10-18,2.43,7.01,MFV,XMFVX
993,7.17,2013-10-25T00:00:00,10/25/2013,2013-10-25,1.7,7.05,MFV,XMFVX
994,7.27,2013-11-01T00:00:00,11/1/2013,2013-11-01,2.97,7.06,MFV,XMFVX
995,7.3,2013-11-08T00:00:00,11/8/2013,2013-11-08,3.4,7.06,MFV,XMFVX
996,7.3,2013-11-15T00:00:00,11/15/2013,2013-11-15,3.69,7.04,MFV,XMFVX
997,7.21,2013-11-22T00:00:00,11/22/2013,2013-11-22,2.12,7.06,MFV,XMFVX
998,7.27,2013-11-29T00:00:00,11/29/2013,2013-11-29,2.97,7.06,MFV,XMFVX
999,7.1602,2013-12-06T00:00:00,12/6/2013,2013-12-06,1.42,7.06,MFV,XMFVX
1000,7.1204,2013-12-13T00:00:00,12/13/2013,2013-12-13,1.29,7.03,MFV,XMFVX
1001,7.06,2013-12-20T00:00:00,12/20/2013,2013-12-20,0.28,7.04,MFV,XMFVX
1002,7.09,2013-12-27T00:00:00,12/27/2013,2013-12-27,0.14,7.08,MFV,XMFVX
1003,7.1,2014-01-03T00:00:00,1/3/2014,2014-01-03,0.28,7.08,MFV,XMFVX
1004,7.11,2014-01-10T00:00:00,1/10/2014,2014-01-10,0.0,7.11,MFV,XMFVX
1005,7.13,2014-01-17T00:00:00,1/17/2014,2014-01-17,0.99,7.06,MFV,XMFVX
1006,7.0801,2014-01-24T00:00:00,1/24/2014,2014-01-24,1.58,6.97,MFV,XMFVX
1007,7.11,2014-01-31T00:00:00,1/31/2014,2014-01-31,2.16,6.96,MFV,XMFVX
1008,7.13,2014-02-07T00:00:00,2/7/2014,2014-02-07,2.15,6.98,MFV,XMFVX
1009,7.44,2014-02-14T00:00:00,2/14/2014,2014-02-14,5.38,7.06,MFV,XMFVX
1010,7.27,2014-02-21T00:00:00,2/21/2014,2014-02-21,3.41,7.03,MFV,XMFVX
1011,7.3601,2014-02-28T00:00:00,2/28/2014,2014-02-28,3.96,7.08,MFV,XMFVX
1012,7.28,2014-03-07T00:00:00,3/7/2014,2014-03-07,2.54,7.1,MFV,XMFVX
1013,7.31,2014-03-14T00:00:00,3/14/2014,2014-03-14,3.98,7.03,MFV,XMFVX
1014,7.39,2014-03-21T00:00:00,3/21/2014,2014-03-21,5.27,7.02,MFV,XMFVX
1015,7.41,2014-03-28T00:00:00,3/28/2014,2014-03-28,5.41,7.03,MFV,XMFVX
1016,7.5001,2014-04-04T00:00:00,4/4/2014,2014-04-04,6.23,7.06,MFV,XMFVX
1017,7.6,2014-04-11T00:00:00,4/11/2014,2014-04-11,8.42,7.01,MFV,XMFVX
1018,7.7,2014-04-25T00:00:00,4/25/2014,2014-04-25,10.16,6.99,MFV,XMFVX
1019,7.65,2014-05-02T00:00:00,5/2/2014,2014-05-02,8.97,7.02,MFV,XMFVX
1020,7.72,2014-05-09T00:00:00,5/9/2014,2014-05-09,9.66,7.04,MFV,XMFVX
1021,7.6801,2014-05-16T00:00:00,5/16/2014,2014-05-16,9.87,6.99,MFV,XMFVX
1022,7.71,2014-05-23T00:00:00,5/23/2014,2014-05-23,9.99,7.01,MFV,XMFVX
1023,7.88,2014-05-30T00:00:00,5/30/2014,2014-05-30,11.93,7.04,MFV,XMFVX
1024,7.73,2014-06-06T00:00:00,6/6/2014,2014-06-06,9.18,7.08,MFV,XMFVX
1025,7.78,2014-06-13T00:00:00,6/13/2014,2014-06-13,9.89,7.08,MFV,XMFVX
1026,7.7599,2014-06-20T00:00:00,6/20/2014,2014-06-20,9.91,7.06,MFV,XMFVX
1027,7.7,2014-06-27T00:00:00,6/27/2014,2014-06-27,9.38,7.04,MFV,XMFVX
1028,7.683,2014-07-11T00:00:00,7/11/2014,2014-07-11,9.13,7.04,MFV,XMFVX
1029,7.72,2014-07-18T00:00:00,7/18/2014,2014-07-18,10.76,6.97,MFV,XMFVX
1030,7.76,2014-07-25T00:00:00,7/25/2014,2014-07-25,11.33,6.97,MFV,XMFVX
1031,7.6299,2014-08-01T00:00:00,8/1/2014,2014-08-01,11.55,6.84,MFV,XMFVX
1032,7.63,2014-08-08T00:00:00,8/8/2014,2014-08-08,11.22,6.86,MFV,XMFVX
1033,7.7,2014-08-15T00:00:00,8/15/2014,2014-08-15,12.08,6.87,MFV,XMFVX
1034,7.65,2014-08-22T00:00:00,8/22/2014,2014-08-22,10.55,6.92,MFV,XMFVX
1035,7.63,2014-08-29T00:00:00,8/29/2014,2014-08-29,9.94,6.94,MFV,XMFVX
1036,7.69,2014-09-05T00:00:00,9/5/2014,2014-09-05,10.97,6.93,MFV,XMFVX
1037,7.68,2014-09-12T00:00:00,9/12/2014,2014-09-12,11.47,6.89,MFV,XMFVX
1038,7.58,2014-09-19T00:00:00,9/19/2014,2014-09-19,10.5,6.86,MFV,XMFVX
1039,7.65,2014-09-26T00:00:00,9/26/2014,2014-09-26,13.17,6.76,MFV,XMFVX
1040,7.6851,2014-10-03T00:00:00,10/3/2014,2014-10-03,13.52,6.77,MFV,XMFVX
1041,7.89,2014-10-10T00:00:00,10/10/2014,2014-10-10,18.11,6.68,MFV,XMFVX
1042,7.45,2014-10-17T00:00:00,10/17/2014,2014-10-17,12.71,6.61,MFV,XMFVX
1043,7.66,2014-10-24T00:00:00,10/24/2014,2014-10-24,13.99,6.72,MFV,XMFVX
1044,7.59,2014-10-31T00:00:00,10/31/2014,2014-10-31,11.95,6.78,MFV,XMFVX
1045,7.42,2014-11-07T00:00:00,11/7/2014,2014-11-07,9.12,6.8,MFV,XMFVX
1046,7.57,2014-11-14T00:00:00,11/14/2014,2014-11-14,11.32,6.8,MFV,XMFVX
1047,7.55,2014-11-21T00:00:00,11/21/2014,2014-11-21,11.85,6.75,MFV,XMFVX
1048,7.56,2014-11-28T00:00:00,11/28/2014,2014-11-28,11.67,6.77,MFV,XMFVX
1049,7.53,2014-12-05T00:00:00,12/5/2014,2014-12-05,11.72,6.74,MFV,XMFVX
1050,7.41,2014-12-12T00:00:00,12/12/2014,2014-12-12,12.79,6.57,MFV,XMFVX
1051,7.01,2014-12-19T00:00:00,12/19/2014,2014-12-19,5.57,6.64,MFV,XMFVX
1052,7.28,2014-12-26T00:00:00,12/26/2014,2014-12-26,8.98,6.68,MFV,XMFVX
1053,7.23,2015-01-02T00:00:00,1/2/2015,2015-01-02,8.89,6.64,MFV,XMFVX
1054,7.28,2015-01-09T00:00:00,1/9/2015,2015-01-09,9.47,6.65,MFV,XMFVX
1055,6.9,2015-01-16T00:00:00,1/16/2015,2015-01-16,5.18,6.56,MFV,XMFVX
1056,7.2,2015-01-23T00:00:00,1/23/2015,2015-01-23,9.59,6.57,MFV,XMFVX
1057,7.0884,2015-01-30T00:00:00,1/30/2015,2015-01-30,8.55,6.53,MFV,XMFVX
1058,7.2,2015-02-06T00:00:00,2/6/2015,2015-02-06,8.27,6.65,MFV,XMFVX
1059,7.21,2015-02-13T00:00:00,2/13/2015,2015-02-13,7.61,6.7,MFV,XMFVX
1060,6.94,2015-02-20T00:00:00,2/20/2015,2015-02-20,3.89,6.68,MFV,XMFVX
1061,6.96,2015-02-27T00:00:00,2/27/2015,2015-02-27,3.73,6.71,MFV,XMFVX
1062,6.96,2015-03-06T00:00:00,3/6/2015,2015-03-06,4.5,6.66,MFV,XMFVX
1063,6.95,2015-03-13T00:00:00,3/13/2015,2015-03-13,4.98,6.62,MFV,XMFVX
1064,6.64,2015-03-20T00:00:00,3/20/2015,2015-03-20,0.3,6.62,MFV,XMFVX
1065,6.67,2015-03-27T00:00:00,3/27/2015,2015-03-27,1.21,6.59,MFV,XMFVX
1066,6.61,2015-04-10T00:00:00,4/10/2015,2015-04-10,-1.05,6.68,MFV,XMFVX
1067,6.56,2015-04-17T00:00:00,4/17/2015,2015-04-17,-0.76,6.61,MFV,XMFVX
1068,6.52,2015-04-24T00:00:00,4/24/2015,2015-04-24,-1.66,6.63,MFV,XMFVX
1069,6.57,2015-05-01T00:00:00,5/1/2015,2015-05-01,-0.76,6.62,MFV,XMFVX
1070,6.5432,2015-05-08T00:00:00,5/8/2015,2015-05-08,-1.46,6.64,MFV,XMFVX
1071,6.55,2015-05-15T00:00:00,5/15/2015,2015-05-15,-0.76,6.6,MFV,XMFVX
1072,6.4799,2015-05-22T00:00:00,5/22/2015,2015-05-22,-1.97,6.61,MFV,XMFVX
1073,6.4799,2015-05-29T00:00:00,5/29/2015,2015-05-29,-1.82,6.6,MFV,XMFVX
1074,6.31,2015-06-05T00:00:00,6/5/2015,2015-06-05,-3.52,6.54,MFV,XMFVX
1075,6.2468,2015-06-12T00:00:00,6/12/2015,2015-06-12,-4.63,6.55,MFV,XMFVX
1076,6.18,2015-06-19T00:00:00,6/19/2015,2015-06-19,-5.07,6.51,MFV,XMFVX
1077,6.16,2015-06-26T00:00:00,6/26/2015,2015-06-26,-5.23,6.5,MFV,XMFVX
1078,6.05,2015-07-10T00:00:00,7/10/2015,2015-07-10,-6.2,6.45,MFV,XMFVX
1079,5.93,2015-07-17T00:00:00,7/17/2015,2015-07-17,-7.78,6.43,MFV,XMFVX
1080,5.82,2015-07-24T00:00:00,7/24/2015,2015-07-24,-8.06,6.33,MFV,XMFVX
1081,5.8,2015-07-31T00:00:00,7/31/2015,2015-07-31,-8.81,6.36,MFV,XMFVX
1082,5.7,2015-08-07T00:00:00,8/7/2015,2015-08-07,-9.52,6.3,MFV,XMFVX
1083,5.69,2015-08-14T00:00:00,8/14/2015,2015-08-14,-9.54,6.29,MFV,XMFVX
1084,5.41,2015-08-21T00:00:00,8/21/2015,2015-08-21,-11.17,6.09,MFV,XMFVX
1085,5.42,2015-08-28T00:00:00,8/28/2015,2015-08-28,-11.15,6.1,MFV,XMFVX
1086,5.45,2015-09-04T00:00:00,9/4/2015,2015-09-04,-9.62,6.03,MFV,XMFVX
1087,5.45,2015-09-11T00:00:00,9/11/2015,2015-09-11,-10.36,6.08,MFV,XMFVX
1088,5.32,2015-09-18T00:00:00,9/18/2015,2015-09-18,-11.33,6.0,MFV,XMFVX
1089,5.27,2015-09-25T00:00:00,9/25/2015,2015-09-25,-10.98,5.92,MFV,XMFVX
1090,5.206,2015-10-02T00:00:00,10/2/2015,2015-10-02,-11.16,5.86,MFV,XMFVX
1091,5.4,2015-10-09T00:00:00,10/9/2015,2015-10-09,-10.45,6.03,MFV,XMFVX
1092,5.37,2015-10-16T00:00:00,10/16/2015,2015-10-16,-10.65,6.01,MFV,XMFVX
1093,5.5136,2015-10-23T00:00:00,10/23/2015,2015-10-23,-9.46,6.09,MFV,XMFVX
1094,5.53,2015-10-30T00:00:00,10/30/2015,2015-10-30,-9.2,6.09,MFV,XMFVX
1095,5.56,2015-11-06T00:00:00,11/6/2015,2015-11-06,-8.55,6.08,MFV,XMFVX
1096,5.39,2015-11-13T00:00:00,11/13/2015,2015-11-13,-9.72,5.97,MFV,XMFVX
1097,5.33,2015-11-20T00:00:00,11/20/2015,2015-11-20,-10.42,5.95,MFV,XMFVX
1098,5.29,2015-11-27T00:00:00,11/27/2015,2015-11-27,-10.94,5.94,MFV,XMFVX
1099,5.3,2015-12-04T00:00:00,12/4/2015,2015-12-04,-10.62,5.93,MFV,XMFVX
1100,5.08,2015-12-11T00:00:00,12/11/2015,2015-12-11,-11.81,5.76,MFV,XMFVX
1101,5.18,2015-12-18T00:00:00,12/18/2015,2015-12-18,-8.48,5.66,MFV,XMFVX
1102,5.23,2016-01-08T00:00:00,1/8/2016,2016-01-08,-7.1,5.63,MFV,XMFVX
1103,4.89,2016-01-15T00:00:00,1/15/2016,2016-01-15,-11.09,5.5,MFV,XMFVX
1104,4.83,2016-01-22T00:00:00,1/22/2016,2016-01-22,-11.7,5.47,MFV,XMFVX
1105,5.02,2016-01-29T00:00:00,1/29/2016,2016-01-29,-9.87,5.57,MFV,XMFVX
1106,4.97,2016-02-05T00:00:00,2/5/2016,2016-02-05,-9.47,5.49,MFV,XMFVX
1107,4.78,2016-02-12T00:00:00,2/12/2016,2016-02-12,-11.65,5.41,MFV,XMFVX
1108,4.82,2016-02-19T00:00:00,2/19/2016,2016-02-19,-11.72,5.46,MFV,XMFVX
1109,4.96,2016-02-26T00:00:00,2/26/2016,2016-02-26,-10.31,5.53,MFV,XMFVX
1110,5.138,2016-03-04T00:00:00,3/4/2016,2016-03-04,-9.54,5.68,MFV,XMFVX
1111,5.28,2016-03-11T00:00:00,3/11/2016,2016-03-11,-8.33,5.76,MFV,XMFVX
1112,5.259,2016-03-18T00:00:00,3/18/2016,2016-03-18,-9.01,5.78,MFV,XMFVX
1113,5.35,2016-04-01T00:00:00,4/1/2016,2016-04-01,-7.6,5.79,MFV,XMFVX
1114,5.31,2016-04-08T00:00:00,4/8/2016,2016-04-08,-7.97,5.77,MFV,XMFVX
1115,5.4,2016-04-15T00:00:00,4/15/2016,2016-04-15,-8.01,5.87,MFV,XMFVX
1116,5.37,2016-04-22T00:00:00,4/22/2016,2016-04-22,-8.83,5.89,MFV,XMFVX
1117,5.39,2016-04-29T00:00:00,4/29/2016,2016-04-29,-8.64,5.9,MFV,XMFVX
1118,5.38,2016-05-06T00:00:00,5/6/2016,2016-05-06,-8.19,5.86,MFV,XMFVX
1119,5.35,2016-05-13T00:00:00,5/13/2016,2016-05-13,-8.86,5.87,MFV,XMFVX
1120,5.3277,2016-05-20T00:00:00,5/20/2016,2016-05-20,-8.62,5.83,MFV,XMFVX
1121,5.3999,2016-05-27T00:00:00,5/27/2016,2016-05-27,-8.48,5.9,MFV,XMFVX
1122,5.42,2016-06-03T00:00:00,6/3/2016,2016-06-03,-8.29,5.91,MFV,XMFVX
1123,5.55,2016-06-10T00:00:00,6/10/2016,2016-06-10,-6.72,5.95,MFV,XMFVX
1124,5.39,2016-06-17T00:00:00,6/17/2016,2016-06-17,-7.71,5.84,MFV,XMFVX
1125,5.5,2016-06-24T00:00:00,6/24/2016,2016-06-24,-5.34,5.81,MFV,XMFVX
1126,5.64,2016-07-01T00:00:00,7/1/2016,2016-07-01,-4.89,5.93,MFV,XMFVX
1127,5.5702,2016-07-08T00:00:00,7/8/2016,2016-07-08,-6.85,5.98,MFV,XMFVX
1128,5.659,2016-07-15T00:00:00,7/15/2016,2016-07-15,-6.77,6.07,MFV,XMFVX
1129,5.62,2016-07-22T00:00:00,7/22/2016,2016-07-22,-6.8,6.03,MFV,XMFVX
1130,5.61,2016-07-29T00:00:00,7/29/2016,2016-07-29,-6.66,6.01,MFV,XMFVX
1131,5.5751,2016-08-05T00:00:00,8/5/2016,2016-08-05,-7.85,6.05,MFV,XMFVX
1132,5.67,2016-08-12T00:00:00,8/12/2016,2016-08-12,-6.74,6.08,MFV,XMFVX
1133,5.679,2016-08-19T00:00:00,8/19/2016,2016-08-19,-6.13,6.05,MFV,XMFVX
1134,5.6501,2016-08-26T00:00:00,8/26/2016,2016-08-26,-6.61,6.05,MFV,XMFVX
1135,5.7,2016-09-02T00:00:00,9/2/2016,2016-09-02,-6.1,6.07,MFV,XMFVX
1136,5.6674,2016-09-09T00:00:00,9/9/2016,2016-09-09,-5.54,6.0,MFV,XMFVX
1137,5.53,2016-09-16T00:00:00,9/16/2016,2016-09-16,-7.37,5.97,MFV,XMFVX
1138,5.61,2016-09-23T00:00:00,9/23/2016,2016-09-23,-6.19,5.98,MFV,XMFVX
1139,5.69,2016-09-30T00:00:00,9/30/2016,2016-09-30,-5.01,5.99,MFV,XMFVX
1140,5.67,2016-10-07T00:00:00,10/7/2016,2016-10-07,-5.34,5.99,MFV,XMFVX
1141,5.602,2016-10-14T00:00:00,10/14/2016,2016-10-14,-6.32,5.98,MFV,XMFVX
1142,5.58,2016-10-21T00:00:00,10/21/2016,2016-10-21,-6.22,5.95,MFV,XMFVX
1143,5.52,2016-10-28T00:00:00,10/28/2016,2016-10-28,-6.6,5.91,MFV,XMFVX
1144,5.4,2016-11-04T00:00:00,11/4/2016,2016-11-04,-7.69,5.85,MFV,XMFVX
1145,5.4451,2016-11-11T00:00:00,11/11/2016,2016-11-11,-8.02,5.92,MFV,XMFVX
1146,5.44,2016-11-18T00:00:00,11/18/2016,2016-11-18,-7.33,5.87,MFV,XMFVX
1147,5.4795,2016-11-25T00:00:00,11/25/2016,2016-11-25,-7.28,5.91,MFV,XMFVX
1148,5.51,2016-12-02T00:00:00,12/2/2016,2016-12-02,-6.77,5.91,MFV,XMFVX
1149,5.5938,2016-12-09T00:00:00,12/9/2016,2016-12-09,-7.08,6.02,MFV,XMFVX
1150,5.62,2016-12-16T00:00:00,12/16/2016,2016-12-16,-6.49,6.01,MFV,XMFVX
1151,5.555,2016-12-23T00:00:00,12/23/2016,2016-12-23,-7.11,5.98,MFV,XMFVX
1152,5.57,2016-12-30T00:00:00,12/30/2016,2016-12-30,-6.7,5.97,MFV,XMFVX
1153,5.59,2017-01-06T00:00:00,1/6/2017,2017-01-06,-7.3,6.03,MFV,XMFVX
1154,5.64,2017-01-13T00:00:00,1/13/2017,2017-01-13,-6.47,6.03,MFV,XMFVX
1155,5.67,2017-01-20T00:00:00,1/20/2017,2017-01-20,-5.03,5.97,MFV,XMFVX
1156,5.71,2017-01-27T00:00:00,1/27/2017,2017-01-27,-4.99,6.01,MFV,XMFVX
1157,5.81,2017-02-03T00:00:00,2/3/2017,2017-02-03,-3.81,6.04,MFV,XMFVX
1158,5.78,2017-02-10T00:00:00,2/10/2017,2017-02-10,-4.46,6.05,MFV,XMFVX
1159,5.75,2017-02-17T00:00:00,2/17/2017,2017-02-17,-4.96,6.05,MFV,XMFVX
1160,5.81,2017-02-24T00:00:00,2/24/2017,2017-02-24,-4.6,6.09,MFV,XMFVX
1161,5.91,2017-03-03T00:00:00,3/3/2017,2017-03-03,-3.43,6.12,MFV,XMFVX
1162,5.72,2017-03-10T00:00:00,3/10/2017,2017-03-10,-5.77,6.07,MFV,XMFVX
1163,5.81,2017-03-17T00:00:00,3/17/2017,2017-03-17,-3.81,6.04,MFV,XMFVX
1164,5.81,2017-03-24T00:00:00,3/24/2017,2017-03-24,-3.01,5.99,MFV,XMFVX
1165,5.81,2017-03-31T00:00:00,3/31/2017,2017-03-31,-3.49,6.02,MFV,XMFVX
1166,5.84,2017-04-07T00:00:00,4/7/2017,2017-04-07,-3.15,6.03,MFV,XMFVX
1167,5.86,2017-04-21T00:00:00,4/21/2017,2017-04-21,-1.84,5.97,MFV,XMFVX
1168,5.9425,2017-04-28T00:00:00,4/28/2017,2017-04-28,-1.45,6.03,MFV,XMFVX
1169,6.0,2017-05-05T00:00:00,5/5/2017,2017-05-05,-0.66,6.04,MFV,XMFVX
1170,5.99,2017-05-12T00:00:00,5/12/2017,2017-05-12,-0.83,6.04,MFV,XMFVX
1171,5.97,2017-05-19T00:00:00,5/19/2017,2017-05-19,-0.67,6.01,MFV,XMFVX
1172,6.2099,2017-05-26T00:00:00,5/26/2017,2017-05-26,2.81,6.04,MFV,XMFVX
1173,6.15,2017-06-02T00:00:00,6/2/2017,2017-06-02,1.32,6.07,MFV,XMFVX
1174,6.19,2017-06-09T00:00:00,6/9/2017,2017-06-09,1.81,6.08,MFV,XMFVX
1175,6.3768,2017-06-16T00:00:00,6/16/2017,2017-06-16,5.4,6.05,MFV,XMFVX
1176,6.39,2017-06-23T00:00:00,6/23/2017,2017-06-23,6.15,6.02,MFV,XMFVX
1177,6.43,2017-06-30T00:00:00,6/30/2017,2017-06-30,6.46,6.04,MFV,XMFVX
1178,6.6,2017-07-07T00:00:00,7/7/2017,2017-07-07,9.27,6.04,MFV,XMFVX
