,Data,DataDate,DataDateDisplay,DataDateJs,DiscountData,NAVData,TICKER,NAVTicker
0,7.25,1996-06-28T00:00:00,6/28/1996,1996-06-28,-26.02,9.8,RCG,XXRENNX
1,9.13,1999-12-31T00:00:00,12/31/1999,1999-12-31,-18.77,11.24,RCG,XXRENNX
2,15.0,2000-03-31T00:00:00,3/31/2000,2000-03-31,-19.79,18.7,RCG,XXRENNX
3,13.75,2000-04-21T00:00:00,4/21/2000,2000-04-21,-15.28,16.23,RCG,XXRENNX
4,14.0,2000-04-28T00:00:00,4/28/2000,2000-04-28,-9.44,15.46,RCG,XXRENNX
5,14.5,2000-05-05T00:00:00,5/5/2000,2000-05-05,-4.54,15.19,RCG,XXRENNX
6,14.5,2000-05-12T00:00:00,5/12/2000,2000-05-12,-0.62,14.59,RCG,XXRENNX
7,14.0,2000-05-19T00:00:00,5/19/2000,2000-05-19,-2.64,14.38,RCG,XXRENNX
8,13.25,2000-05-26T00:00:00,5/26/2000,2000-05-26,6.94,12.39,RCG,XXRENNX
9,12.63,2000-06-02T00:00:00,6/2/2000,2000-06-02,1.94,12.39,RCG,XXRENNX
10,13.75,2000-06-09T00:00:00,6/9/2000,2000-06-09,8.78,12.64,RCG,XXRENNX
11,13.13,2000-06-16T00:00:00,6/16/2000,2000-06-16,5.55,12.44,RCG,XXRENNX
12,12.88,2000-06-23T00:00:00,6/23/2000,2000-06-23,2.06,12.62,RCG,XXRENNX
13,13.06,2000-06-30T00:00:00,6/30/2000,2000-06-30,3.32,12.64,RCG,XXRENNX
14,12.63,2000-07-07T00:00:00,7/7/2000,2000-07-07,-2.77,12.99,RCG,XXRENNX
15,13.0,2000-07-14T00:00:00,7/14/2000,2000-07-14,-0.76,13.1,RCG,XXRENNX
16,12.63,2000-07-21T00:00:00,7/21/2000,2000-07-21,-3.88,13.14,RCG,XXRENNX
17,11.75,2000-07-28T00:00:00,7/28/2000,2000-07-28,-11.12,13.22,RCG,XXRENNX
18,12.75,2000-08-04T00:00:00,8/4/2000,2000-08-04,-2.37,13.06,RCG,XXRENNX
19,12.31,2000-08-11T00:00:00,8/11/2000,2000-08-11,-7.51,13.31,RCG,XXRENNX
20,12.56,2000-08-18T00:00:00,8/18/2000,2000-08-18,-2.71,12.91,RCG,XXRENNX
21,12.97,2000-08-25T00:00:00,8/25/2000,2000-08-25,-1.67,13.19,RCG,XXRENNX
22,13.56,2000-09-01T00:00:00,9/1/2000,2000-09-01,1.8,13.32,RCG,XXRENNX
23,12.19,2000-09-08T00:00:00,9/8/2000,2000-09-08,-10.17,13.57,RCG,XXRENNX
24,13.63,2000-09-15T00:00:00,9/15/2000,2000-09-15,-2.64,14.0,RCG,XXRENNX
25,13.0,2000-09-22T00:00:00,9/22/2000,2000-09-22,0.78,12.9,RCG,XXRENNX
26,13.0,2000-09-29T00:00:00,9/29/2000,2000-09-29,-3.56,13.48,RCG,XXRENNX
27,12.88,2000-10-06T00:00:00,10/6/2000,2000-10-06,0.7,12.79,RCG,XXRENNX
28,11.31,2000-10-13T00:00:00,10/13/2000,2000-10-13,-9.59,12.51,RCG,XXRENNX
29,11.75,2000-10-20T00:00:00,10/20/2000,2000-10-20,-5.24,12.4,RCG,XXRENNX
30,11.38,2000-10-27T00:00:00,10/27/2000,2000-10-27,-8.23,12.4,RCG,XXRENNX
31,11.97,2000-11-03T00:00:00,11/3/2000,2000-11-03,-5.0,12.6,RCG,XXRENNX
32,12.31,2000-11-17T00:00:00,11/17/2000,2000-11-17,0.16,12.29,RCG,XXRENNX
33,11.88,2000-11-24T00:00:00,11/24/2000,2000-11-24,1.8,11.67,RCG,XXRENNX
34,11.38,2000-12-01T00:00:00,12/1/2000,2000-12-01,-1.73,11.58,RCG,XXRENNX
35,10.75,2000-12-08T00:00:00,12/8/2000,2000-12-08,-7.8,11.66,RCG,XXRENNX
36,9.69,2000-12-15T00:00:00,12/15/2000,2000-12-15,-11.91,11.0,RCG,XXRENNX
37,8.75,2000-12-22T00:00:00,12/22/2000,2000-12-22,-13.71,10.14,RCG,XXRENNX
38,9.0,2000-12-29T00:00:00,12/29/2000,2000-12-29,-17.05,10.85,RCG,XXRENNX
39,10.0,2001-01-05T00:00:00,1/5/2001,2001-01-05,-11.5,11.3,RCG,XXRENNX
40,10.06,2001-01-12T00:00:00,1/12/2001,2001-01-12,-13.8,11.67,RCG,XXRENNX
41,10.0,2001-01-19T00:00:00,1/19/2001,2001-01-19,-13.42,11.55,RCG,XXRENNX
42,10.5,2001-01-26T00:00:00,1/26/2001,2001-01-26,-11.91,11.92,RCG,XXRENNX
43,10.56,2001-02-02T00:00:00,2/2/2001,2001-02-02,-11.04,11.87,RCG,XXRENNX
44,10.5,2001-02-09T00:00:00,2/9/2001,2001-02-09,-10.49,11.73,RCG,XXRENNX
45,10.31,2001-02-16T00:00:00,2/16/2001,2001-02-16,-15.28,12.17,RCG,XXRENNX
46,10.38,2001-02-23T00:00:00,2/23/2001,2001-02-23,-8.87,11.39,RCG,XXRENNX
47,9.88,2001-03-02T00:00:00,3/2/2001,2001-03-02,-10.67,11.06,RCG,XXRENNX
48,9.75,2001-03-09T00:00:00,3/9/2001,2001-03-09,-8.88,10.7,RCG,XXRENNX
49,9.19,2001-03-16T00:00:00,3/16/2001,2001-03-16,-12.73,10.53,RCG,XXRENNX
50,8.94,2001-03-23T00:00:00,3/23/2001,2001-03-23,-15.82,10.62,RCG,XXRENNX
51,9.19,2001-03-30T00:00:00,3/30/2001,2001-03-30,-17.21,11.1,RCG,XXRENNX
52,8.75,2001-04-06T00:00:00,4/6/2001,2001-04-06,-18.07,10.68,RCG,XXRENNX
53,9.55,2001-04-13T00:00:00,4/13/2001,2001-04-13,-11.66,10.81,RCG,XXRENNX
54,9.21,2001-04-20T00:00:00,4/20/2001,2001-04-20,-14.01,10.71,RCG,XXRENNX
55,9.82,2001-04-27T00:00:00,4/27/2001,2001-04-27,-14.61,11.5,RCG,XXRENNX
56,9.67,2001-05-04T00:00:00,5/4/2001,2001-05-04,-16.57,11.59,RCG,XXRENNX
57,9.7,2001-05-11T00:00:00,5/11/2001,2001-05-11,-15.65,11.5,RCG,XXRENNX
58,10.2,2001-05-18T00:00:00,5/18/2001,2001-05-18,-17.48,12.36,RCG,XXRENNX
59,10.7,2001-05-25T00:00:00,5/25/2001,2001-05-25,-18.51,13.13,RCG,XXRENNX
60,10.48,2001-06-01T00:00:00,6/1/2001,2001-06-01,-16.56,12.56,RCG,XXRENNX
61,10.31,2001-06-08T00:00:00,6/8/2001,2001-06-08,-19.07,12.74,RCG,XXRENNX
62,10.13,2001-06-15T00:00:00,6/15/2001,2001-06-15,-19.09,12.52,RCG,XXRENNX
63,10.1,2001-06-22T00:00:00,6/22/2001,2001-06-22,-18.68,12.42,RCG,XXRENNX
64,10.5,2001-06-29T00:00:00,6/29/2001,2001-06-29,-14.63,12.3,RCG,XXRENNX
65,9.85,2001-07-06T00:00:00,7/6/2001,2001-07-06,-18.19,12.04,RCG,XXRENNX
66,10.9,2001-07-13T00:00:00,7/13/2001,2001-07-13,-11.24,12.28,RCG,XXRENNX
67,10.9,2001-07-20T00:00:00,7/20/2001,2001-07-20,-9.39,12.03,RCG,XXRENNX
68,10.05,2001-07-27T00:00:00,7/27/2001,2001-07-27,-17.01,12.11,RCG,XXRENNX
69,10.2,2001-08-03T00:00:00,8/3/2001,2001-08-03,-15.84,12.12,RCG,XXRENNX
70,10.25,2001-08-10T00:00:00,8/10/2001,2001-08-10,-13.72,11.88,RCG,XXRENNX
71,10.75,2001-08-17T00:00:00,8/17/2001,2001-08-17,-9.36,11.86,RCG,XXRENNX
72,10.65,2001-08-24T00:00:00,8/24/2001,2001-08-24,-9.21,11.73,RCG,XXRENNX
73,10.99,2001-08-31T00:00:00,8/31/2001,2001-08-31,-10.65,12.3,RCG,XXRENNX
74,10.81,2001-09-07T00:00:00,9/7/2001,2001-09-07,-9.92,12.0,RCG,XXRENNX
75,10.3,2001-09-21T00:00:00,9/21/2001,2001-09-21,-9.09,11.33,RCG,XXRENNX
76,10.99,2001-09-28T00:00:00,9/28/2001,2001-09-28,-6.86,11.8,RCG,XXRENNX
77,11.1,2001-10-05T00:00:00,10/5/2001,2001-10-05,-2.55,11.39,RCG,XXRENNX
78,11.4,2001-10-12T00:00:00,10/12/2001,2001-10-12,-5.71,12.09,RCG,XXRENNX
79,11.4,2001-10-19T00:00:00,10/19/2001,2001-10-19,2.89,11.08,RCG,XXRENNX
80,11.45,2001-10-26T00:00:00,10/26/2001,2001-10-26,-3.29,11.84,RCG,XXRENNX
81,10.76,2001-11-02T00:00:00,11/2/2001,2001-11-02,-10.93,12.08,RCG,XXRENNX
82,10.5,2001-11-09T00:00:00,11/9/2001,2001-11-09,-14.56,12.29,RCG,XXRENNX
83,10.78,2001-11-16T00:00:00,11/16/2001,2001-11-16,-10.98,12.11,RCG,XXRENNX
84,10.79,2001-11-23T00:00:00,11/23/2001,2001-11-23,-10.01,11.99,RCG,XXRENNX
85,10.55,2001-11-30T00:00:00,11/30/2001,2001-11-30,-12.88,12.11,RCG,XXRENNX
86,10.5,2001-12-07T00:00:00,12/7/2001,2001-12-07,-15.73,12.46,RCG,XXRENNX
87,10.3,2001-12-14T00:00:00,12/14/2001,2001-12-14,-14.81,12.09,RCG,XXRENNX
88,10.03,2001-12-21T00:00:00,12/21/2001,2001-12-21,-17.18,12.11,RCG,XXRENNX
89,10.22,2001-12-28T00:00:00,12/28/2001,2001-12-28,-15.88,12.15,RCG,XXRENNX
90,10.44,2002-01-04T00:00:00,1/4/2002,2002-01-04,-17.86,12.71,RCG,XXRENNX
91,10.63,2002-01-11T00:00:00,1/11/2002,2002-01-11,-18.92,13.11,RCG,XXRENNX
92,10.7,2002-01-18T00:00:00,1/18/2002,2002-01-18,-13.99,12.44,RCG,XXRENNX
93,10.77,2002-01-25T00:00:00,1/25/2002,2002-01-25,-14.18,12.55,RCG,XXRENNX
94,10.88,2002-02-01T00:00:00,2/1/2002,2002-02-01,-13.31,12.55,RCG,XXRENNX
95,10.87,2002-02-08T00:00:00,2/8/2002,2002-02-08,-9.49,12.01,RCG,XXRENNX
96,10.59,2002-02-15T00:00:00,2/15/2002,2002-02-15,-11.68,11.99,RCG,XXRENNX
97,10.37,2002-02-22T00:00:00,2/22/2002,2002-02-22,-10.22,11.55,RCG,XXRENNX
98,10.65,2002-03-01T00:00:00,3/1/2002,2002-03-01,-10.5,11.9,RCG,XXRENNX
99,10.6,2002-03-08T00:00:00,3/8/2002,2002-03-08,-11.0,11.91,RCG,XXRENNX
100,10.37,2002-03-15T00:00:00,3/15/2002,2002-03-15,-10.6,11.6,RCG,XXRENNX
101,10.35,2002-03-22T00:00:00,3/22/2002,2002-03-22,-16.93,12.46,RCG,XXRENNX
102,10.8,2002-03-29T00:00:00,3/29/2002,2002-03-29,-15.43,12.77,RCG,XXRENNX
103,11.0,2002-04-05T00:00:00,4/5/2002,2002-04-05,-15.58,13.03,RCG,XXRENNX
104,10.65,2002-04-12T00:00:00,4/12/2002,2002-04-12,-14.46,12.45,RCG,XXRENNX
105,11.35,2002-04-19T00:00:00,4/19/2002,2002-04-19,-12.76,13.01,RCG,XXRENNX
106,11.6,2002-04-26T00:00:00,4/26/2002,2002-04-26,-8.3,12.65,RCG,XXRENNX
107,11.47,2002-05-03T00:00:00,5/3/2002,2002-05-03,-8.46,12.53,RCG,XXRENNX
108,11.89,2002-05-10T00:00:00,5/10/2002,2002-05-10,-2.3,12.17,RCG,XXRENNX
109,11.68,2002-05-17T00:00:00,5/17/2002,2002-05-17,-6.63,12.51,RCG,XXRENNX
110,11.25,2002-05-24T00:00:00,5/24/2002,2002-05-24,-7.1,12.11,RCG,XXRENNX
111,10.98,2002-05-31T00:00:00,5/31/2002,2002-05-31,-12.51,12.55,RCG,XXRENNX
112,10.7,2002-06-07T00:00:00,6/7/2002,2002-06-07,-9.4,11.81,RCG,XXRENNX
113,10.3,2002-06-14T00:00:00,6/14/2002,2002-06-14,-15.37,12.17,RCG,XXRENNX
114,10.46,2002-06-21T00:00:00,6/21/2002,2002-06-21,-14.54,12.24,RCG,XXRENNX
115,10.0,2002-06-28T00:00:00,6/28/2002,2002-06-28,-18.03,12.2,RCG,XXRENNX
116,9.75,2002-07-05T00:00:00,7/5/2002,2002-07-05,-18.2,11.92,RCG,XXRENNX
117,9.5,2002-07-12T00:00:00,7/12/2002,2002-07-12,-20.77,11.99,RCG,XXRENNX
118,9.5,2002-07-19T00:00:00,7/19/2002,2002-07-19,-20.77,11.99,RCG,XXRENNX
119,9.35,2002-07-26T00:00:00,7/26/2002,2002-07-26,-18.27,11.44,RCG,XXRENNX
120,9.11,2002-08-02T00:00:00,8/2/2002,2002-08-02,-20.37,11.44,RCG,XXRENNX
121,9.35,2002-08-09T00:00:00,8/9/2002,2002-08-09,-13.18,10.77,RCG,XXRENNX
122,9.35,2002-08-16T00:00:00,8/16/2002,2002-08-16,-13.18,10.77,RCG,XXRENNX
123,9.25,2002-08-23T00:00:00,8/23/2002,2002-08-23,-16.59,11.09,RCG,XXRENNX
124,9.25,2002-08-30T00:00:00,8/30/2002,2002-08-30,-15.14,10.9,RCG,XXRENNX
125,9.03,2002-09-06T00:00:00,9/6/2002,2002-09-06,-16.16,10.77,RCG,XXRENNX
126,9.44,2002-09-13T00:00:00,9/13/2002,2002-09-13,-12.19,10.75,RCG,XXRENNX
127,9.14,2002-09-20T00:00:00,9/20/2002,2002-09-20,-11.0,10.27,RCG,XXRENNX
128,8.99,2002-09-27T00:00:00,9/27/2002,2002-09-27,-7.13,9.68,RCG,XXRENNX
129,7.85,2002-10-04T00:00:00,10/4/2002,2002-10-04,-16.67,9.42,RCG,XXRENNX
130,6.75,2002-10-11T00:00:00,10/11/2002,2002-10-11,-25.08,9.01,RCG,XXRENNX
131,7.07,2002-10-18T00:00:00,10/18/2002,2002-10-18,-22.98,9.18,RCG,XXRENNX
132,7.21,2002-10-25T00:00:00,10/25/2002,2002-10-25,-21.8,9.22,RCG,XXRENNX
133,7.18,2002-11-01T00:00:00,11/1/2002,2002-11-01,-24.26,9.48,RCG,XXRENNX
134,7.18,2002-11-08T00:00:00,11/8/2002,2002-11-08,-25.67,9.66,RCG,XXRENNX
135,7.63,2002-11-15T00:00:00,11/15/2002,2002-11-15,-19.94,9.53,RCG,XXRENNX
136,8.39,2002-11-22T00:00:00,11/22/2002,2002-11-22,-12.7,9.61,RCG,XXRENNX
137,7.56,2002-11-29T00:00:00,11/29/2002,2002-11-29,-21.41,9.62,RCG,XXRENNX
138,7.61,2002-12-06T00:00:00,12/6/2002,2002-12-06,-21.79,9.73,RCG,XXRENNX
139,8.09,2002-12-13T00:00:00,12/13/2002,2002-12-13,-15.9,9.62,RCG,XXRENNX
140,7.81,2002-12-20T00:00:00,12/20/2002,2002-12-20,-17.62,9.48,RCG,XXRENNX
141,7.82,2002-12-27T00:00:00,12/27/2002,2002-12-27,-16.36,9.35,RCG,XXRENNX
142,7.9,2003-01-03T00:00:00,1/3/2003,2003-01-03,-17.54,9.58,RCG,XXRENNX
143,7.8,2003-01-10T00:00:00,1/10/2003,2003-01-10,-20.33,9.79,RCG,XXRENNX
144,8.11,2003-01-17T00:00:00,1/17/2003,2003-01-17,-17.08,9.78,RCG,XXRENNX
145,8.36,2003-01-24T00:00:00,1/24/2003,2003-01-24,-13.55,9.67,RCG,XXRENNX
146,7.84,2003-01-31T00:00:00,1/31/2003,2003-01-31,-15.24,9.25,RCG,XXRENNX
147,7.74,2003-02-07T00:00:00,2/7/2003,2003-02-07,-19.96,9.67,RCG,XXRENNX
148,7.5,2003-02-14T00:00:00,2/14/2003,2003-02-14,-18.39,9.19,RCG,XXRENNX
149,7.58,2003-02-21T00:00:00,2/21/2003,2003-02-21,-15.96,9.02,RCG,XXRENNX
150,7.36,2003-02-28T00:00:00,2/28/2003,2003-02-28,-15.69,8.73,RCG,XXRENNX
151,7.84,2003-03-07T00:00:00,3/7/2003,2003-03-07,-7.98,8.52,RCG,XXRENNX
152,7.65,2003-03-14T00:00:00,3/14/2003,2003-03-14,-9.89,8.49,RCG,XXRENNX
153,7.1,2003-03-21T00:00:00,3/21/2003,2003-03-21,-18.2,8.68,RCG,XXRENNX
154,6.96,2003-03-28T00:00:00,3/28/2003,2003-03-28,-16.65,8.35,RCG,XXRENNX
155,7.0,2003-04-04T00:00:00,4/4/2003,2003-04-04,-18.98,8.64,RCG,XXRENNX
156,7.09,2003-04-11T00:00:00,4/11/2003,2003-04-11,-20.43,8.91,RCG,XXRENNX
157,7.08,2003-04-25T00:00:00,4/25/2003,2003-04-25,-22.62,9.15,RCG,XXRENNX
158,7.32,2003-05-02T00:00:00,5/2/2003,2003-05-02,-22.78,9.48,RCG,XXRENNX
159,7.72,2003-05-09T00:00:00,5/9/2003,2003-05-09,-22.26,9.93,RCG,XXRENNX
160,7.88,2003-05-16T00:00:00,5/16/2003,2003-05-16,-24.45,10.43,RCG,XXRENNX
161,7.87,2003-05-23T00:00:00,5/23/2003,2003-05-23,-24.25,10.39,RCG,XXRENNX
162,8.91,2003-05-30T00:00:00,5/30/2003,2003-05-30,-14.74,10.45,RCG,XXRENNX
163,9.0,2003-06-06T00:00:00,6/6/2003,2003-06-06,-15.09,10.6,RCG,XXRENNX
164,9.1,2003-06-13T00:00:00,6/13/2003,2003-06-13,-21.75,11.63,RCG,XXRENNX
165,9.24,2003-06-20T00:00:00,6/20/2003,2003-06-20,-21.03,11.7,RCG,XXRENNX
166,9.19,2003-06-27T00:00:00,6/27/2003,2003-06-27,-20.09,11.5,RCG,XXRENNX
167,9.64,2003-07-11T00:00:00,7/11/2003,2003-07-11,-20.79,12.17,RCG,XXRENNX
168,9.99,2003-07-18T00:00:00,7/18/2003,2003-07-18,-24.09,13.16,RCG,XXRENNX
169,10.45,2003-07-25T00:00:00,7/25/2003,2003-07-25,-28.13,14.54,RCG,XXRENNX
170,11.19,2003-08-01T00:00:00,8/1/2003,2003-08-01,-21.03,14.17,RCG,XXRENNX
171,11.4,2003-08-08T00:00:00,8/8/2003,2003-08-08,-17.57,13.83,RCG,XXRENNX
172,11.5,2003-08-15T00:00:00,8/15/2003,2003-08-15,-18.73,14.15,RCG,XXRENNX
173,11.48,2003-08-22T00:00:00,8/22/2003,2003-08-22,-16.93,13.82,RCG,XXRENNX
174,11.2,2003-08-29T00:00:00,8/29/2003,2003-08-29,-23.6,14.66,RCG,XXRENNX
175,11.51,2003-09-05T00:00:00,9/5/2003,2003-09-05,-25.31,15.41,RCG,XXRENNX
176,11.85,2003-09-12T00:00:00,9/12/2003,2003-09-12,-19.99,14.81,RCG,XXRENNX
177,11.74,2003-09-19T00:00:00,9/19/2003,2003-09-19,-27.89,16.28,RCG,XXRENNX
178,11.74,2003-09-26T00:00:00,9/26/2003,2003-09-26,-22.15,15.08,RCG,XXRENNX
179,11.92,2003-10-03T00:00:00,10/3/2003,2003-10-03,-20.32,14.96,RCG,XXRENNX
180,12.06,2003-10-10T00:00:00,10/10/2003,2003-10-10,-21.64,15.39,RCG,XXRENNX
181,12.2,2003-10-17T00:00:00,10/17/2003,2003-10-17,-21.19,15.48,RCG,XXRENNX
182,11.96,2003-10-24T00:00:00,10/24/2003,2003-10-24,-19.41,14.84,RCG,XXRENNX
183,12.0,2003-10-31T00:00:00,10/31/2003,2003-10-31,-17.86,14.61,RCG,XXRENNX
184,11.85,2003-11-07T00:00:00,11/7/2003,2003-11-07,-21.31,15.06,RCG,XXRENNX
185,11.95,2003-11-14T00:00:00,11/14/2003,2003-11-14,-20.23,14.98,RCG,XXRENNX
186,11.75,2003-11-21T00:00:00,11/21/2003,2003-11-21,-20.34,14.75,RCG,XXRENNX
187,12.02,2003-11-28T00:00:00,11/28/2003,2003-11-28,-23.24,15.66,RCG,XXRENNX
188,12.79,2003-12-05T00:00:00,12/5/2003,2003-12-05,-17.48,15.5,RCG,XXRENNX
189,12.6,2003-12-12T00:00:00,12/12/2003,2003-12-12,-18.39,15.44,RCG,XXRENNX
190,12.61,2003-12-19T00:00:00,12/19/2003,2003-12-19,-17.8,15.34,RCG,XXRENNX
191,13.7,2003-12-26T00:00:00,12/26/2003,2003-12-26,-9.33,15.11,RCG,XXRENNX
192,13.2,2004-01-02T00:00:00,1/2/2004,2004-01-02,-11.47,14.91,RCG,XXRENNX
193,14.49,2004-01-09T00:00:00,1/9/2004,2004-01-09,-4.55,15.18,RCG,XXRENNX
194,14.2,2004-01-16T00:00:00,1/16/2004,2004-01-16,-15.63,16.83,RCG,XXRENNX
195,14.4,2004-01-23T00:00:00,1/23/2004,2004-01-23,-16.62,17.27,RCG,XXRENNX
196,15.11,2004-01-30T00:00:00,1/30/2004,2004-01-30,-16.01,17.99,RCG,XXRENNX
197,15.3,2004-02-06T00:00:00,2/6/2004,2004-02-06,-18.01,18.66,RCG,XXRENNX
198,17.43,2004-02-13T00:00:00,2/13/2004,2004-02-13,-12.85,20.0,RCG,XXRENNX
199,18.45,2004-02-20T00:00:00,2/20/2004,2004-02-20,1.49,18.18,RCG,XXRENNX
200,16.59,2004-02-27T00:00:00,2/27/2004,2004-02-27,-14.31,19.36,RCG,XXRENNX
201,17.5,2004-03-05T00:00:00,3/5/2004,2004-03-05,-7.94,19.01,RCG,XXRENNX
202,16.19,2004-03-12T00:00:00,3/12/2004,2004-03-12,-13.93,18.81,RCG,XXRENNX
203,15.71,2004-03-19T00:00:00,3/19/2004,2004-03-19,-19.02,19.4,RCG,XXRENNX
204,16.17,2004-03-26T00:00:00,3/26/2004,2004-03-26,-15.34,19.1,RCG,XXRENNX
205,17.75,2004-04-02T00:00:00,4/2/2004,2004-04-02,-10.22,19.77,RCG,XXRENNX
206,16.84,2004-04-16T00:00:00,4/16/2004,2004-04-16,-19.77,20.99,RCG,XXRENNX
207,17.4,2004-04-23T00:00:00,4/23/2004,2004-04-23,-19.93,21.73,RCG,XXRENNX
208,16.0,2004-04-30T00:00:00,4/30/2004,2004-04-30,-23.22,20.84,RCG,XXRENNX
209,14.56,2004-05-07T00:00:00,5/7/2004,2004-05-07,-24.48,19.28,RCG,XXRENNX
210,14.31,2004-05-14T00:00:00,5/14/2004,2004-05-14,-26.62,19.5,RCG,XXRENNX
211,15.05,2004-05-21T00:00:00,5/21/2004,2004-05-21,-18.16,18.39,RCG,XXRENNX
212,15.61,2004-05-28T00:00:00,5/28/2004,2004-05-28,-16.21,18.63,RCG,XXRENNX
213,15.21,2004-06-04T00:00:00,6/4/2004,2004-06-04,-17.29,18.39,RCG,XXRENNX
214,15.4,2004-06-18T00:00:00,6/18/2004,2004-06-18,-14.16,17.94,RCG,XXRENNX
215,14.25,2004-06-25T00:00:00,6/25/2004,2004-06-25,-17.53,17.28,RCG,XXRENNX
216,13.2,2004-07-02T00:00:00,7/2/2004,2004-07-02,-20.43,16.59,RCG,XXRENNX
217,12.74,2004-07-09T00:00:00,7/9/2004,2004-07-09,-20.97,16.12,RCG,XXRENNX
218,12.16,2004-07-16T00:00:00,7/16/2004,2004-07-16,-20.11,15.22,RCG,XXRENNX
219,11.4,2004-07-23T00:00:00,7/23/2004,2004-07-23,-22.97,14.8,RCG,XXRENNX
220,11.18,2004-07-30T00:00:00,7/30/2004,2004-07-30,-19.68,13.92,RCG,XXRENNX
221,10.25,2004-08-06T00:00:00,8/6/2004,2004-08-06,-24.58,13.59,RCG,XXRENNX
222,10.35,2004-08-13T00:00:00,8/13/2004,2004-08-13,-25.65,13.92,RCG,XXRENNX
223,10.8,2004-08-20T00:00:00,8/20/2004,2004-08-20,-22.64,13.96,RCG,XXRENNX
224,11.05,2004-08-27T00:00:00,8/27/2004,2004-08-27,-21.35,14.05,RCG,XXRENNX
225,11.3,2004-09-03T00:00:00,9/3/2004,2004-09-03,-19.05,13.96,RCG,XXRENNX
226,10.7,2004-09-10T00:00:00,9/10/2004,2004-09-10,-25.75,14.41,RCG,XXRENNX
227,11.0,2004-09-17T00:00:00,9/17/2004,2004-09-17,-24.09,14.49,RCG,XXRENNX
228,11.25,2004-09-24T00:00:00,9/24/2004,2004-09-24,-23.16,14.64,RCG,XXRENNX
229,11.5,2004-10-01T00:00:00,10/1/2004,2004-10-01,-24.39,15.21,RCG,XXRENNX
230,11.45,2004-10-08T00:00:00,10/8/2004,2004-10-08,-21.52,14.59,RCG,XXRENNX
231,11.3,2004-10-15T00:00:00,10/15/2004,2004-10-15,-22.39,14.56,RCG,XXRENNX
232,11.0,2004-10-22T00:00:00,10/22/2004,2004-10-22,-25.93,14.85,RCG,XXRENNX
233,11.3,2004-10-29T00:00:00,10/29/2004,2004-10-29,-27.33,15.55,RCG,XXRENNX
234,11.65,2004-11-05T00:00:00,11/5/2004,2004-11-05,-25.37,15.61,RCG,XXRENNX
235,12.2,2004-11-12T00:00:00,11/12/2004,2004-11-12,-22.14,15.67,RCG,XXRENNX
236,12.5,2004-11-19T00:00:00,11/19/2004,2004-11-19,-19.61,15.55,RCG,XXRENNX
237,12.5,2004-11-26T00:00:00,11/26/2004,2004-11-26,-22.93,16.22,RCG,XXRENNX
238,13.0,2004-12-03T00:00:00,12/3/2004,2004-12-03,-20.39,16.33,RCG,XXRENNX
239,12.85,2004-12-10T00:00:00,12/10/2004,2004-12-10,-19.74,16.01,RCG,XXRENNX
240,14.05,2004-12-17T00:00:00,12/17/2004,2004-12-17,-14.64,16.46,RCG,XXRENNX
241,12.85,2005-01-07T00:00:00,1/7/2005,2005-01-07,-8.41,14.03,RCG,XXRENNX
242,12.25,2005-01-14T00:00:00,1/14/2005,2005-01-14,-11.87,13.9,RCG,XXRENNX
243,12.9,2005-01-21T00:00:00,1/21/2005,2005-01-21,-7.79,13.99,RCG,XXRENNX
244,13.25,2005-01-28T00:00:00,1/28/2005,2005-01-28,-6.16,14.12,RCG,XXRENNX
245,13.85,2005-02-04T00:00:00,2/4/2005,2005-02-04,-5.27,14.62,RCG,XXRENNX
246,13.54,2005-02-11T00:00:00,2/11/2005,2005-02-11,-4.45,14.17,RCG,XXRENNX
247,13.45,2005-02-18T00:00:00,2/18/2005,2005-02-18,-2.04,13.73,RCG,XXRENNX
248,13.1,2005-02-25T00:00:00,2/25/2005,2005-02-25,-7.03,14.09,RCG,XXRENNX
249,12.9,2005-03-04T00:00:00,3/4/2005,2005-03-04,-6.45,13.79,RCG,XXRENNX
250,11.5,2005-03-11T00:00:00,3/11/2005,2005-03-11,-16.12,13.71,RCG,XXRENNX
251,11.55,2005-03-18T00:00:00,3/18/2005,2005-03-18,-10.33,12.88,RCG,XXRENNX
252,11.25,2005-04-01T00:00:00,4/1/2005,2005-04-01,-12.79,12.9,RCG,XXRENNX
253,11.09,2005-04-08T00:00:00,4/8/2005,2005-04-08,-15.6,13.14,RCG,XXRENNX
254,10.55,2005-04-15T00:00:00,4/15/2005,2005-04-15,-17.38,12.77,RCG,XXRENNX
255,10.95,2005-04-22T00:00:00,4/22/2005,2005-04-22,-15.51,12.96,RCG,XXRENNX
256,10.9,2005-04-29T00:00:00,4/29/2005,2005-04-29,-18.47,13.37,RCG,XXRENNX
257,10.95,2005-05-06T00:00:00,5/6/2005,2005-05-06,-19.13,13.54,RCG,XXRENNX
258,11.0,2005-05-13T00:00:00,5/13/2005,2005-05-13,-14.06,12.8,RCG,XXRENNX
259,11.1,2005-05-20T00:00:00,5/20/2005,2005-05-20,-13.89,12.89,RCG,XXRENNX
260,11.15,2005-05-27T00:00:00,5/27/2005,2005-05-27,-14.03,12.97,RCG,XXRENNX
261,11.75,2005-06-03T00:00:00,6/3/2005,2005-06-03,-6.67,12.59,RCG,XXRENNX
262,11.1,2005-06-10T00:00:00,6/10/2005,2005-06-10,-13.08,12.77,RCG,XXRENNX
263,11.25,2005-06-17T00:00:00,6/17/2005,2005-06-17,-17.16,13.58,RCG,XXRENNX
264,11.25,2005-06-24T00:00:00,6/24/2005,2005-06-24,-17.4,13.62,RCG,XXRENNX
265,11.55,2005-07-01T00:00:00,7/1/2005,2005-07-01,-14.95,13.58,RCG,XXRENNX
266,11.25,2005-07-08T00:00:00,7/8/2005,2005-07-08,-15.86,13.37,RCG,XXRENNX
267,11.15,2005-07-15T00:00:00,7/15/2005,2005-07-15,-14.23,13.0,RCG,XXRENNX
268,11.15,2005-07-22T00:00:00,7/22/2005,2005-07-22,-9.05,12.26,RCG,XXRENNX
269,11.0,2005-07-29T00:00:00,7/29/2005,2005-07-29,-14.66,12.89,RCG,XXRENNX
270,10.81,2005-08-05T00:00:00,8/5/2005,2005-08-05,-17.98,13.18,RCG,XXRENNX
271,10.75,2005-08-12T00:00:00,8/12/2005,2005-08-12,-22.99,13.96,RCG,XXRENNX
272,11.04,2005-08-19T00:00:00,8/19/2005,2005-08-19,-16.87,13.28,RCG,XXRENNX
273,11.25,2005-08-26T00:00:00,8/26/2005,2005-08-26,-17.4,13.62,RCG,XXRENNX
274,11.3,2005-09-02T00:00:00,9/2/2005,2005-09-02,-15.8,13.42,RCG,XXRENNX
275,11.23,2005-09-09T00:00:00,9/9/2005,2005-09-09,-13.95,13.05,RCG,XXRENNX
276,11.4,2005-09-16T00:00:00,9/16/2005,2005-09-16,-15.18,13.44,RCG,XXRENNX
277,11.0,2005-09-23T00:00:00,9/23/2005,2005-09-23,-15.12,12.96,RCG,XXRENNX
278,11.25,2005-09-30T00:00:00,9/30/2005,2005-09-30,-17.52,13.64,RCG,XXRENNX
279,11.05,2005-10-07T00:00:00,10/7/2005,2005-10-07,-21.41,14.06,RCG,XXRENNX
280,11.0,2005-10-14T00:00:00,10/14/2005,2005-10-14,-15.84,13.07,RCG,XXRENNX
281,10.35,2005-10-21T00:00:00,10/21/2005,2005-10-21,-20.99,13.1,RCG,XXRENNX
282,10.35,2005-10-28T00:00:00,10/28/2005,2005-10-28,-20.87,13.08,RCG,XXRENNX
283,10.6,2005-11-04T00:00:00,11/4/2005,2005-11-04,-12.4,12.1,RCG,XXRENNX
284,10.7,2005-11-18T00:00:00,11/18/2005,2005-11-18,-12.58,12.24,RCG,XXRENNX
285,10.8,2005-11-25T00:00:00,11/25/2005,2005-11-25,-10.52,12.07,RCG,XXRENNX
286,11.1,2005-12-02T00:00:00,12/2/2005,2005-12-02,-10.19,12.36,RCG,XXRENNX
287,11.5,2005-12-09T00:00:00,12/9/2005,2005-12-09,-16.49,13.77,RCG,XXRENNX
288,11.6,2005-12-16T00:00:00,12/16/2005,2005-12-16,-15.45,13.72,RCG,XXRENNX
289,11.85,2005-12-23T00:00:00,12/23/2005,2005-12-23,-14.44,13.85,RCG,XXRENNX
290,11.0,2005-12-30T00:00:00,12/30/2005,2005-12-30,-12.35,12.55,RCG,XXRENNX
291,10.5,2006-01-06T00:00:00,1/6/2006,2006-01-06,-22.11,13.48,RCG,XXRENNX
292,12.0,2006-01-13T00:00:00,1/13/2006,2006-01-13,-11.83,13.61,RCG,XXRENNX
293,11.85,2006-01-20T00:00:00,1/20/2006,2006-01-20,-12.16,13.49,RCG,XXRENNX
294,12.2,2006-01-27T00:00:00,1/27/2006,2006-01-27,-9.09,13.42,RCG,XXRENNX
295,12.0,2006-02-03T00:00:00,2/3/2006,2006-02-03,-6.61,12.85,RCG,XXRENNX
296,11.7,2006-02-17T00:00:00,2/17/2006,2006-02-17,-5.11,12.33,RCG,XXRENNX
297,11.5,2006-03-03T00:00:00,3/3/2006,2006-03-03,-3.44,11.91,RCG,XXRENNX
298,11.4,2006-03-10T00:00:00,3/10/2006,2006-03-10,-1.89,11.62,RCG,XXRENNX
299,11.5,2006-03-17T00:00:00,3/17/2006,2006-03-17,-1.54,11.68,RCG,XXRENNX
300,10.9,2006-03-24T00:00:00,3/24/2006,2006-03-24,-9.09,11.99,RCG,XXRENNX
301,10.1,2006-04-07T00:00:00,4/7/2006,2006-04-07,-14.55,11.82,RCG,XXRENNX
302,10.3,2006-04-14T00:00:00,4/14/2006,2006-04-14,-13.74,11.94,RCG,XXRENNX
303,10.3,2006-04-21T00:00:00,4/21/2006,2006-04-21,-14.52,12.05,RCG,XXRENNX
304,10.5,2006-04-28T00:00:00,4/28/2006,2006-04-28,-12.13,11.95,RCG,XXRENNX
305,10.15,2006-05-05T00:00:00,5/5/2006,2006-05-05,-12.2,11.56,RCG,XXRENNX
306,9.9,2006-05-12T00:00:00,5/12/2006,2006-05-12,-12.54,11.32,RCG,XXRENNX
307,9.95,2006-05-19T00:00:00,5/19/2006,2006-05-19,-8.38,10.86,RCG,XXRENNX
308,9.95,2006-05-26T00:00:00,5/26/2006,2006-05-26,-9.87,11.04,RCG,XXRENNX
309,9.9,2006-06-02T00:00:00,6/2/2006,2006-06-02,-14.51,11.58,RCG,XXRENNX
310,10.95,2006-06-09T00:00:00,6/9/2006,2006-06-09,-12.89,12.57,RCG,XXRENNX
311,10.25,2006-06-16T00:00:00,6/16/2006,2006-06-16,-16.94,12.34,RCG,XXRENNX
312,10.5,2006-06-23T00:00:00,6/23/2006,2006-06-23,-18.16,12.83,RCG,XXRENNX
313,10.65,2006-06-30T00:00:00,6/30/2006,2006-06-30,-15.34,12.58,RCG,XXRENNX
314,10.95,2006-07-07T00:00:00,7/7/2006,2006-07-07,-10.32,12.21,RCG,XXRENNX
315,10.49,2006-07-14T00:00:00,7/14/2006,2006-07-14,-13.66,12.15,RCG,XXRENNX
316,10.95,2006-07-21T00:00:00,7/21/2006,2006-07-21,-7.83,11.88,RCG,XXRENNX
317,10.75,2006-07-28T00:00:00,7/28/2006,2006-07-28,-12.81,12.33,RCG,XXRENNX
318,11.61,2006-09-29T00:00:00,9/29/2006,2006-09-29,-4.29,12.13,RCG,XXRENNX
319,11.2,2006-10-06T00:00:00,10/6/2006,2006-10-06,-9.46,12.37,RCG,XXRENNX
320,11.16,2006-10-13T00:00:00,10/13/2006,2006-10-13,-11.57,12.62,RCG,XXRENNX
321,11.5,2006-10-20T00:00:00,10/20/2006,2006-10-20,-7.11,12.38,RCG,XXRENNX
322,10.99,2006-10-27T00:00:00,10/27/2006,2006-10-27,-12.08,12.5,RCG,XXRENNX
323,10.62,2006-11-03T00:00:00,11/3/2006,2006-11-03,-14.7,12.45,RCG,XXRENNX
324,10.65,2006-11-10T00:00:00,11/10/2006,2006-11-10,-12.56,12.18,RCG,XXRENNX
325,10.75,2006-11-17T00:00:00,11/17/2006,2006-11-17,-12.81,12.33,RCG,XXRENNX
326,10.6,2006-11-24T00:00:00,11/24/2006,2006-11-24,-14.17,12.35,RCG,XXRENNX
327,10.8,2006-12-01T00:00:00,12/1/2006,2006-12-01,-13.11,12.43,RCG,XXRENNX
328,10.9,2006-12-08T00:00:00,12/8/2006,2006-12-08,-15.37,12.88,RCG,XXRENNX
329,10.85,2006-12-15T00:00:00,12/15/2006,2006-12-15,-13.34,12.52,RCG,XXRENNX
330,11.0,2006-12-22T00:00:00,12/22/2006,2006-12-22,-14.33,12.84,RCG,XXRENNX
331,10.5,2006-12-29T00:00:00,12/29/2006,2006-12-29,-3.23,10.85,RCG,XXRENNX
332,9.91,2007-01-05T00:00:00,1/5/2007,2007-01-05,-8.58,10.84,RCG,XXRENNX
333,9.75,2007-01-12T00:00:00,1/12/2007,2007-01-12,-14.4,11.39,RCG,XXRENNX
334,9.65,2007-01-19T00:00:00,1/19/2007,2007-01-19,-14.53,11.29,RCG,XXRENNX
335,9.54,2007-01-26T00:00:00,1/26/2007,2007-01-26,-12.64,10.92,RCG,XXRENNX
336,9.1,2007-02-02T00:00:00,2/2/2007,2007-02-02,-16.82,10.94,RCG,XXRENNX
337,9.03,2007-02-09T00:00:00,2/9/2007,2007-02-09,-18.87,11.13,RCG,XXRENNX
338,9.79,2007-02-16T00:00:00,2/16/2007,2007-02-16,-12.04,11.13,RCG,XXRENNX
339,9.3,2007-02-23T00:00:00,2/23/2007,2007-02-23,-16.14,11.09,RCG,XXRENNX
340,9.3,2007-03-02T00:00:00,3/2/2007,2007-03-02,-11.85,10.55,RCG,XXRENNX
341,9.12,2007-03-09T00:00:00,3/9/2007,2007-03-09,-13.55,10.55,RCG,XXRENNX
342,9.1,2007-03-16T00:00:00,3/16/2007,2007-03-16,-9.99,10.11,RCG,XXRENNX
343,9.05,2007-03-23T00:00:00,3/23/2007,2007-03-23,-14.38,10.57,RCG,XXRENNX
344,9.15,2007-03-30T00:00:00,3/30/2007,2007-03-30,-15.51,10.83,RCG,XXRENNX
345,9.1,2007-04-13T00:00:00,4/13/2007,2007-04-13,-16.21,10.86,RCG,XXRENNX
346,9.25,2007-04-20T00:00:00,4/20/2007,2007-04-20,-13.15,10.65,RCG,XXRENNX
347,9.15,2007-04-27T00:00:00,4/27/2007,2007-04-27,-12.19,10.42,RCG,XXRENNX
348,9.05,2007-05-04T00:00:00,5/4/2007,2007-05-04,-11.36,10.21,RCG,XXRENNX
349,8.95,2007-05-11T00:00:00,5/11/2007,2007-05-11,-12.51,10.23,RCG,XXRENNX
350,8.95,2007-05-18T00:00:00,5/18/2007,2007-05-18,-13.19,10.31,RCG,XXRENNX
351,9.1,2007-05-25T00:00:00,5/25/2007,2007-05-25,-11.05,10.23,RCG,XXRENNX
352,9.07,2007-06-01T00:00:00,6/1/2007,2007-06-01,-13.54,10.49,RCG,XXRENNX
353,8.85,2007-06-08T00:00:00,6/8/2007,2007-06-08,-14.16,10.31,RCG,XXRENNX
354,9.1,2007-06-15T00:00:00,6/15/2007,2007-06-15,-13.99,10.58,RCG,XXRENNX
355,9.09,2007-06-22T00:00:00,6/22/2007,2007-06-22,-15.76,10.79,RCG,XXRENNX
356,8.95,2007-06-29T00:00:00,6/29/2007,2007-06-29,-17.97,10.91,RCG,XXRENNX
357,9.01,2007-07-06T00:00:00,7/6/2007,2007-07-06,-17.87,10.97,RCG,XXRENNX
358,9.0,2007-07-13T00:00:00,7/13/2007,2007-07-13,-16.74,10.81,RCG,XXRENNX
359,8.9,2007-07-20T00:00:00,7/20/2007,2007-07-20,-17.82,10.83,RCG,XXRENNX
360,8.85,2007-07-27T00:00:00,7/27/2007,2007-07-27,-16.51,10.6,RCG,XXRENNX
361,8.81,2007-08-03T00:00:00,8/3/2007,2007-08-03,-16.1,10.5,RCG,XXRENNX
362,8.65,2007-08-10T00:00:00,8/10/2007,2007-08-10,-18.55,10.62,RCG,XXRENNX
363,8.28,2007-08-17T00:00:00,8/17/2007,2007-08-17,-21.59,10.56,RCG,XXRENNX
364,8.75,2007-08-24T00:00:00,8/24/2007,2007-08-24,-11.53,9.89,RCG,XXRENNX
365,8.5,2007-08-31T00:00:00,8/31/2007,2007-08-31,-18.11,10.38,RCG,XXRENNX
366,8.54,2007-09-07T00:00:00,9/7/2007,2007-09-07,-16.03,10.17,RCG,XXRENNX
367,8.1,2007-09-14T00:00:00,9/14/2007,2007-09-14,-19.56,10.07,RCG,XXRENNX
368,7.75,2007-09-21T00:00:00,9/21/2007,2007-09-21,-22.96,10.06,RCG,XXRENNX
369,7.95,2007-09-28T00:00:00,9/28/2007,2007-09-28,-20.58,10.01,RCG,XXRENNX
370,7.98,2007-10-05T00:00:00,10/5/2007,2007-10-05,-17.31,9.65,RCG,XXRENNX
371,7.8,2007-10-12T00:00:00,10/12/2007,2007-10-12,-22.39,10.05,RCG,XXRENNX
372,7.55,2007-10-19T00:00:00,10/19/2007,2007-10-19,-23.74,9.9,RCG,XXRENNX
373,7.15,2007-10-26T00:00:00,10/26/2007,2007-10-26,-27.34,9.84,RCG,XXRENNX
374,7.18,2007-11-02T00:00:00,11/2/2007,2007-11-02,-22.46,9.26,RCG,XXRENNX
375,6.7,2007-11-09T00:00:00,11/9/2007,2007-11-09,-25.56,9.0,RCG,XXRENNX
376,6.45,2007-11-16T00:00:00,11/16/2007,2007-11-16,-26.2,8.74,RCG,XXRENNX
377,6.3,2007-11-23T00:00:00,11/23/2007,2007-11-23,-25.09,8.41,RCG,XXRENNX
378,6.2,2007-11-30T00:00:00,11/30/2007,2007-11-30,-30.8,8.96,RCG,XXRENNX
379,6.62,2007-12-07T00:00:00,12/7/2007,2007-12-07,-26.85,9.05,RCG,XXRENNX
380,6.6,2007-12-14T00:00:00,12/14/2007,2007-12-14,-23.26,8.6,RCG,XXRENNX
381,6.4,2007-12-21T00:00:00,12/21/2007,2007-12-21,-24.35,8.46,RCG,XXRENNX
382,5.9,2007-12-28T00:00:00,12/28/2007,2007-12-28,-33.11,8.82,RCG,XXRENNX
383,6.47,2008-01-04T00:00:00,1/4/2008,2008-01-04,-21.77,8.27,RCG,XXRENNX
384,6.2,2008-01-11T00:00:00,1/11/2008,2008-01-11,-20.92,7.84,RCG,XXRENNX
385,6.19,2008-01-18T00:00:00,1/18/2008,2008-01-18,-16.35,7.4,RCG,XXRENNX
386,5.78,2008-01-25T00:00:00,1/25/2008,2008-01-25,-20.17,7.24,RCG,XXRENNX
387,5.95,2008-02-01T00:00:00,2/1/2008,2008-02-01,-20.13,7.45,RCG,XXRENNX
388,5.9,2008-02-08T00:00:00,2/8/2008,2008-02-08,-23.28,7.69,RCG,XXRENNX
389,5.91,2008-02-15T00:00:00,2/15/2008,2008-02-15,-23.54,7.73,RCG,XXRENNX
390,5.85,2008-02-22T00:00:00,2/22/2008,2008-02-22,-25.48,7.85,RCG,XXRENNX
391,6.0,2008-02-29T00:00:00,2/29/2008,2008-02-29,-21.88,7.68,RCG,XXRENNX
392,5.87,2008-03-07T00:00:00,3/7/2008,2008-03-07,-17.67,7.13,RCG,XXRENNX
393,5.7,2008-03-14T00:00:00,3/14/2008,2008-03-14,-21.16,7.23,RCG,XXRENNX
394,5.51,2008-03-28T00:00:00,3/28/2008,2008-03-28,-23.68,7.22,RCG,XXRENNX
395,6.2,2008-04-04T00:00:00,4/4/2008,2008-04-04,-14.95,7.29,RCG,XXRENNX
396,5.8,2008-04-11T00:00:00,4/11/2008,2008-04-11,-18.31,7.1,RCG,XXRENNX
397,5.81,2008-04-18T00:00:00,4/18/2008,2008-04-18,-19.08,7.18,RCG,XXRENNX
398,5.85,2008-04-25T00:00:00,4/25/2008,2008-04-25,-19.31,7.25,RCG,XXRENNX
399,5.93,2008-05-02T00:00:00,5/2/2008,2008-05-02,-18.09,7.24,RCG,XXRENNX
400,5.75,2008-05-09T00:00:00,5/9/2008,2008-05-09,-16.67,6.9,RCG,XXRENNX
401,5.78,2008-05-16T00:00:00,5/16/2008,2008-05-16,-13.6,6.69,RCG,XXRENNX
402,5.61,2008-05-23T00:00:00,5/23/2008,2008-05-23,-15.51,6.64,RCG,XXRENNX
403,5.75,2008-05-30T00:00:00,5/30/2008,2008-05-30,-14.05,6.69,RCG,XXRENNX
404,5.65,2008-06-06T00:00:00,6/6/2008,2008-06-06,-13.74,6.55,RCG,XXRENNX
405,5.38,2008-06-13T00:00:00,6/13/2008,2008-06-13,-15.81,6.39,RCG,XXRENNX
406,5.35,2008-06-20T00:00:00,6/20/2008,2008-06-20,-14.67,6.27,RCG,XXRENNX
407,5.07,2008-06-27T00:00:00,6/27/2008,2008-06-27,-19.01,6.26,RCG,XXRENNX
408,5.03,2008-07-11T00:00:00,7/11/2008,2008-07-11,-13.43,5.81,RCG,XXRENNX
409,5.08,2008-07-18T00:00:00,7/18/2008,2008-07-18,-11.34,5.73,RCG,XXRENNX
410,4.97,2008-07-25T00:00:00,7/25/2008,2008-07-25,-13.11,5.72,RCG,XXRENNX
411,5.03,2008-08-01T00:00:00,8/1/2008,2008-08-01,-13.72,5.83,RCG,XXRENNX
412,5.0,2008-08-08T00:00:00,8/8/2008,2008-08-08,-11.82,5.67,RCG,XXRENNX
413,4.75,2008-08-15T00:00:00,8/15/2008,2008-08-15,-19.35,5.89,RCG,XXRENNX
414,4.77,2008-08-22T00:00:00,8/22/2008,2008-08-22,-15.28,5.63,RCG,XXRENNX
415,4.78,2008-08-29T00:00:00,8/29/2008,2008-08-29,-18.71,5.88,RCG,XXRENNX
416,4.66,2008-09-05T00:00:00,9/5/2008,2008-09-05,-20.34,5.85,RCG,XXRENNX
417,4.43,2008-09-12T00:00:00,9/12/2008,2008-09-12,-17.81,5.39,RCG,XXRENNX
418,4.15,2008-09-19T00:00:00,9/19/2008,2008-09-19,-24.41,5.49,RCG,XXRENNX
419,3.7,2008-09-26T00:00:00,9/26/2008,2008-09-26,-32.6,5.49,RCG,XXRENNX
420,3.7,2008-10-03T00:00:00,10/3/2008,2008-10-03,-25.7,4.98,RCG,XXRENNX
421,2.4,2008-10-10T00:00:00,10/10/2008,2008-10-10,-48.05,4.62,RCG,XXRENNX
422,3.15,2008-10-17T00:00:00,10/17/2008,2008-10-17,-32.11,4.64,RCG,XXRENNX
423,3.49,2008-10-24T00:00:00,10/24/2008,2008-10-24,-22.27,4.49,RCG,XXRENNX
424,3.7,2008-10-31T00:00:00,10/31/2008,2008-10-31,-18.32,4.53,RCG,XXRENNX
425,3.49,2008-11-07T00:00:00,11/7/2008,2008-11-07,-23.97,4.59,RCG,XXRENNX
426,3.0,2008-11-14T00:00:00,11/14/2008,2008-11-14,-31.03,4.35,RCG,XXRENNX
427,2.2,2008-11-21T00:00:00,11/21/2008,2008-11-21,-44.44,3.96,RCG,XXRENNX
428,2.92,2008-11-28T00:00:00,11/28/2008,2008-11-28,-28.61,4.09,RCG,XXRENNX
429,2.68,2008-12-05T00:00:00,12/5/2008,2008-12-05,-35.11,4.13,RCG,XXRENNX
430,2.41,2008-12-12T00:00:00,12/12/2008,2008-12-12,-41.93,4.15,RCG,XXRENNX
431,2.5,2008-12-19T00:00:00,12/19/2008,2008-12-19,-39.76,4.15,RCG,XXRENNX
432,2.42,2008-12-26T00:00:00,12/26/2008,2008-12-26,-41.69,4.15,RCG,XXRENNX
433,3.24,2009-01-02T00:00:00,1/2/2009,2009-01-02,-23.76,4.25,RCG,XXRENNX
434,3.47,2009-01-09T00:00:00,1/9/2009,2009-01-09,-19.68,4.32,RCG,XXRENNX
435,2.79,2009-01-16T00:00:00,1/16/2009,2009-01-16,-34.97,4.29,RCG,XXRENNX
436,2.74,2009-01-23T00:00:00,1/23/2009,2009-01-23,-34.13,4.16,RCG,XXRENNX
437,3.25,2009-01-30T00:00:00,1/30/2009,2009-01-30,-24.24,4.29,RCG,XXRENNX
438,2.84,2009-02-06T00:00:00,2/6/2009,2009-02-06,-34.71,4.35,RCG,XXRENNX
439,2.94,2009-02-13T00:00:00,2/13/2009,2009-02-13,-32.41,4.35,RCG,XXRENNX
440,3.08,2009-02-20T00:00:00,2/20/2009,2009-02-20,-27.53,4.25,RCG,XXRENNX
441,2.89,2009-02-27T00:00:00,2/27/2009,2009-02-27,-31.03,4.19,RCG,XXRENNX
442,2.48,2009-03-06T00:00:00,3/6/2009,2009-03-06,-38.77,4.05,RCG,XXRENNX
443,2.7,2009-03-13T00:00:00,3/13/2009,2009-03-13,-35.71,4.2,RCG,XXRENNX
444,2.72,2009-03-20T00:00:00,3/20/2009,2009-03-20,-33.82,4.11,RCG,XXRENNX
445,2.85,2009-03-27T00:00:00,3/27/2009,2009-03-27,-30.49,4.1,RCG,XXRENNX
446,2.91,2009-04-03T00:00:00,4/3/2009,2009-04-03,-27.25,4.0,RCG,XXRENNX
447,2.97,2009-04-17T00:00:00,4/17/2009,2009-04-17,-30.77,4.29,RCG,XXRENNX
448,3.0,2009-04-24T00:00:00,4/24/2009,2009-04-24,-30.23,4.3,RCG,XXRENNX
449,2.88,2009-05-01T00:00:00,5/1/2009,2009-05-01,-31.59,4.21,RCG,XXRENNX
450,2.0,2009-05-08T00:00:00,5/8/2009,2009-05-08,-52.49,4.21,RCG,XXRENNX
451,2.9,2009-05-15T00:00:00,5/15/2009,2009-05-15,-30.62,4.18,RCG,XXRENNX
452,2.9,2009-05-22T00:00:00,5/22/2009,2009-05-22,-29.61,4.12,RCG,XXRENNX
453,2.9,2009-05-29T00:00:00,5/29/2009,2009-05-29,-27.14,3.98,RCG,XXRENNX
454,2.58,2009-06-05T00:00:00,6/5/2009,2009-06-05,-32.46,3.82,RCG,XXRENNX
455,2.71,2009-06-12T00:00:00,6/12/2009,2009-06-12,-29.79,3.86,RCG,XXRENNX
456,2.75,2009-06-19T00:00:00,6/19/2009,2009-06-19,-28.76,3.86,RCG,XXRENNX
457,2.41,2009-06-26T00:00:00,6/26/2009,2009-06-26,-40.05,4.02,RCG,XXRENNX
458,2.54,2009-07-10T00:00:00,7/10/2009,2009-07-10,-28.45,3.55,RCG,XXRENNX
459,2.41,2009-07-17T00:00:00,7/17/2009,2009-07-17,-35.22,3.72,RCG,XXRENNX
460,2.35,2009-07-24T00:00:00,7/24/2009,2009-07-24,-39.59,3.89,RCG,XXRENNX
461,2.51,2009-07-31T00:00:00,7/31/2009,2009-07-31,-32.71,3.73,RCG,XXRENNX
462,2.7,2009-08-07T00:00:00,8/7/2009,2009-08-07,-28.38,3.77,RCG,XXRENNX
463,2.98,2009-08-14T00:00:00,8/14/2009,2009-08-14,-20.32,3.74,RCG,XXRENNX
464,2.9,2009-08-21T00:00:00,8/21/2009,2009-08-21,-23.68,3.8,RCG,XXRENNX
465,2.85,2009-08-28T00:00:00,8/28/2009,2009-08-28,-24.6,3.78,RCG,XXRENNX
466,2.56,2009-09-04T00:00:00,9/4/2009,2009-09-04,-29.86,3.65,RCG,XXRENNX
467,2.62,2009-09-11T00:00:00,9/11/2009,2009-09-11,-29.95,3.74,RCG,XXRENNX
468,2.89,2009-09-18T00:00:00,9/18/2009,2009-09-18,-21.68,3.69,RCG,XXRENNX
469,2.9,2009-09-25T00:00:00,9/25/2009,2009-09-25,-19.89,3.62,RCG,XXRENNX
470,2.71,2009-10-02T00:00:00,10/2/2009,2009-10-02,-21.9,3.47,RCG,XXRENNX
471,2.9,2009-10-09T00:00:00,10/9/2009,2009-10-09,-20.77,3.66,RCG,XXRENNX
472,2.8,2009-10-16T00:00:00,10/16/2009,2009-10-16,-25.13,3.74,RCG,XXRENNX
473,2.75,2009-10-23T00:00:00,10/23/2009,2009-10-23,-26.67,3.75,RCG,XXRENNX
474,2.69,2009-10-30T00:00:00,10/30/2009,2009-10-30,-23.8,3.53,RCG,XXRENNX
475,2.75,2009-11-06T00:00:00,11/6/2009,2009-11-06,-26.08,3.72,RCG,XXRENNX
476,2.53,2009-11-13T00:00:00,11/13/2009,2009-11-13,-31.62,3.7,RCG,XXRENNX
477,2.63,2009-11-20T00:00:00,11/20/2009,2009-11-20,-32.04,3.87,RCG,XXRENNX
478,2.65,2009-11-27T00:00:00,11/27/2009,2009-11-27,-28.95,3.73,RCG,XXRENNX
479,2.6,2009-12-04T00:00:00,12/4/2009,2009-12-04,-29.73,3.7,RCG,XXRENNX
480,2.56,2009-12-11T00:00:00,12/11/2009,2009-12-11,-34.19,3.89,RCG,XXRENNX
481,2.6,2009-12-18T00:00:00,12/18/2009,2009-12-18,-32.11,3.83,RCG,XXRENNX
482,2.61,2010-01-08T00:00:00,1/8/2010,2010-01-08,-37.86,4.2,RCG,XXRENNX
483,2.63,2010-01-15T00:00:00,1/15/2010,2010-01-15,-38.55,4.28,RCG,XXRENNX
484,2.62,2010-01-22T00:00:00,1/22/2010,2010-01-22,-35.78,4.08,RCG,XXRENNX
485,2.61,2010-01-29T00:00:00,1/29/2010,2010-01-29,-32.56,3.87,RCG,XXRENNX
486,2.5,2010-02-05T00:00:00,2/5/2010,2010-02-05,-35.57,3.88,RCG,XXRENNX
487,2.51,2010-02-12T00:00:00,2/12/2010,2010-02-12,-37.25,4.0,RCG,XXRENNX
488,2.51,2010-02-19T00:00:00,2/19/2010,2010-02-19,-35.81,3.91,RCG,XXRENNX
489,2.59,2010-02-26T00:00:00,2/26/2010,2010-02-26,-32.55,3.84,RCG,XXRENNX
490,2.65,2010-03-05T00:00:00,3/5/2010,2010-03-05,-33.58,3.99,RCG,XXRENNX
491,2.6,2010-03-12T00:00:00,3/12/2010,2010-03-12,-36.74,4.11,RCG,XXRENNX
492,2.8,2010-03-19T00:00:00,3/19/2010,2010-03-19,-28.21,3.9,RCG,XXRENNX
493,2.6,2010-03-26T00:00:00,3/26/2010,2010-03-26,-34.67,3.98,RCG,XXRENNX
494,2.6,2010-04-09T00:00:00,4/9/2010,2010-04-09,-32.82,3.87,RCG,XXRENNX
495,2.65,2010-04-16T00:00:00,4/16/2010,2010-04-16,-32.57,3.93,RCG,XXRENNX
496,2.68,2010-04-23T00:00:00,4/23/2010,2010-04-23,-30.39,3.85,RCG,XXRENNX
497,2.63,2010-04-30T00:00:00,4/30/2010,2010-04-30,-30.97,3.81,RCG,XXRENNX
498,2.57,2010-05-07T00:00:00,5/7/2010,2010-05-07,-28.01,3.57,RCG,XXRENNX
499,2.57,2010-05-14T00:00:00,5/14/2010,2010-05-14,-30.35,3.69,RCG,XXRENNX
500,2.66,2010-05-21T00:00:00,5/21/2010,2010-05-21,-24.86,3.54,RCG,XXRENNX
501,2.65,2010-05-28T00:00:00,5/28/2010,2010-05-28,-22.97,3.44,RCG,XXRENNX
502,2.53,2010-06-04T00:00:00,6/4/2010,2010-06-04,-21.43,3.22,RCG,XXRENNX
503,2.46,2010-06-11T00:00:00,6/11/2010,2010-06-11,-23.6,3.22,RCG,XXRENNX
504,2.5,2010-06-18T00:00:00,6/18/2010,2010-06-18,-21.38,3.18,RCG,XXRENNX
505,2.48,2010-06-25T00:00:00,6/25/2010,2010-06-25,-17.06,2.99,RCG,XXRENNX
506,2.3,2010-07-02T00:00:00,7/2/2010,2010-07-02,-18.44,2.82,RCG,XXRENNX
507,2.11,2010-07-09T00:00:00,7/9/2010,2010-07-09,-25.44,2.83,RCG,XXRENNX
508,2.24,2010-07-16T00:00:00,7/16/2010,2010-07-16,-16.73,2.69,RCG,XXRENNX
509,2.08,2010-07-23T00:00:00,7/23/2010,2010-07-23,-26.24,2.82,RCG,XXRENNX
510,2.3,2010-07-30T00:00:00,7/30/2010,2010-07-30,-16.36,2.75,RCG,XXRENNX
511,2.24,2010-08-06T00:00:00,8/6/2010,2010-08-06,-20.57,2.82,RCG,XXRENNX
512,1.96,2010-08-13T00:00:00,8/13/2010,2010-08-13,-30.25,2.81,RCG,XXRENNX
513,2.01,2010-08-20T00:00:00,8/20/2010,2010-08-20,-26.91,2.75,RCG,XXRENNX
514,2.0,2010-08-27T00:00:00,8/27/2010,2010-08-27,-23.66,2.62,RCG,XXRENNX
515,2.01,2010-09-03T00:00:00,9/3/2010,2010-09-03,-22.69,2.6,RCG,XXRENNX
516,1.88,2010-09-10T00:00:00,9/10/2010,2010-09-10,-27.69,2.6,RCG,XXRENNX
517,1.9,2010-09-17T00:00:00,9/17/2010,2010-09-17,-24.3,2.51,RCG,XXRENNX
518,1.87,2010-10-01T00:00:00,10/1/2010,2010-10-01,-25.5,2.51,RCG,XXRENNX
519,1.89,2010-10-08T00:00:00,10/8/2010,2010-10-08,-25.3,2.53,RCG,XXRENNX
520,1.93,2010-10-15T00:00:00,10/15/2010,2010-10-15,-25.77,2.6,RCG,XXRENNX
521,1.98,2010-10-22T00:00:00,10/22/2010,2010-10-22,-23.55,2.59,RCG,XXRENNX
522,2.01,2010-10-29T00:00:00,10/29/2010,2010-10-29,-22.09,2.58,RCG,XXRENNX
523,1.98,2010-11-05T00:00:00,11/5/2010,2010-11-05,-25.84,2.67,RCG,XXRENNX
524,1.96,2010-11-12T00:00:00,11/12/2010,2010-11-12,-31.47,2.86,RCG,XXRENNX
525,2.0,2010-11-19T00:00:00,11/19/2010,2010-11-19,-29.82,2.85,RCG,XXRENNX
526,2.03,2010-12-03T00:00:00,12/3/2010,2010-12-03,-28.01,2.82,RCG,XXRENNX
527,1.99,2010-12-10T00:00:00,12/10/2010,2010-12-10,-29.18,2.81,RCG,XXRENNX
528,1.98,2010-12-17T00:00:00,12/17/2010,2010-12-17,-31.01,2.87,RCG,XXRENNX
529,1.96,2010-12-31T00:00:00,12/31/2010,2010-12-31,-29.75,2.79,RCG,XXRENNX
530,1.9,2011-01-07T00:00:00,1/7/2011,2011-01-07,-35.15,2.93,RCG,XXRENNX
531,1.93,2011-01-14T00:00:00,1/14/2011,2011-01-14,-35.45,2.99,RCG,XXRENNX
532,1.95,2011-01-21T00:00:00,1/21/2011,2011-01-21,-34.12,2.96,RCG,XXRENNX
533,1.96,2011-01-28T00:00:00,1/28/2011,2011-01-28,-32.65,2.91,RCG,XXRENNX
534,1.97,2011-02-04T00:00:00,2/4/2011,2011-02-04,-34.55,3.01,RCG,XXRENNX
535,1.98,2011-02-11T00:00:00,2/11/2011,2011-02-11,-36.54,3.12,RCG,XXRENNX
536,2.17,2011-02-18T00:00:00,2/18/2011,2011-02-18,-29.32,3.07,RCG,XXRENNX
537,2.25,2011-02-25T00:00:00,2/25/2011,2011-02-25,-24.75,2.99,RCG,XXRENNX
538,2.31,2011-03-04T00:00:00,3/4/2011,2011-03-04,-22.49,2.98,RCG,XXRENNX
539,2.26,2011-03-11T00:00:00,3/11/2011,2011-03-11,-23.39,2.95,RCG,XXRENNX
540,2.18,2011-03-18T00:00:00,3/18/2011,2011-03-18,-21.3,2.77,RCG,XXRENNX
541,2.16,2011-03-25T00:00:00,3/25/2011,2011-03-25,-20.59,2.72,RCG,XXRENNX
542,2.07,2011-04-01T00:00:00,4/1/2011,2011-04-01,-24.45,2.74,RCG,XXRENNX
543,2.03,2011-04-08T00:00:00,4/8/2011,2011-04-08,-25.91,2.74,RCG,XXRENNX
544,2.12,2011-04-15T00:00:00,4/15/2011,2011-04-15,-24.56,2.81,RCG,XXRENNX
545,2.32,2011-04-29T00:00:00,4/29/2011,2011-04-29,-17.14,2.8,RCG,XXRENNX
546,2.17,2011-05-06T00:00:00,5/6/2011,2011-05-06,-19.93,2.71,RCG,XXRENNX
547,2.1,2011-05-13T00:00:00,5/13/2011,2011-05-13,-24.73,2.79,RCG,XXRENNX
548,2.08,2011-05-20T00:00:00,5/20/2011,2011-05-20,-23.53,2.72,RCG,XXRENNX
549,2.08,2011-05-27T00:00:00,5/27/2011,2011-05-27,-24.09,2.74,RCG,XXRENNX
550,2.09,2011-06-03T00:00:00,6/3/2011,2011-06-03,-20.53,2.63,RCG,XXRENNX
551,2.06,2011-06-10T00:00:00,6/10/2011,2011-06-10,-19.84,2.57,RCG,XXRENNX
552,2.04,2011-06-17T00:00:00,6/17/2011,2011-06-17,-20.31,2.56,RCG,XXRENNX
553,2.07,2011-06-24T00:00:00,6/24/2011,2011-06-24,-20.39,2.6,RCG,XXRENNX
554,2.23,2011-07-01T00:00:00,7/1/2011,2011-07-01,-12.55,2.55,RCG,XXRENNX
555,2.2,2011-07-08T00:00:00,7/8/2011,2011-07-08,-14.72,2.58,RCG,XXRENNX
556,2.0,2011-07-15T00:00:00,7/15/2011,2011-07-15,-19.68,2.49,RCG,XXRENNX
557,2.09,2011-07-29T00:00:00,7/29/2011,2011-07-29,-16.73,2.51,RCG,XXRENNX
558,1.96,2011-08-05T00:00:00,8/5/2011,2011-08-05,-11.31,2.21,RCG,XXRENNX
559,1.9,2011-08-12T00:00:00,8/12/2011,2011-08-12,-14.8,2.23,RCG,XXRENNX
560,1.88,2011-08-19T00:00:00,8/19/2011,2011-08-19,-13.76,2.18,RCG,XXRENNX
561,1.82,2011-08-26T00:00:00,8/26/2011,2011-08-26,-18.02,2.22,RCG,XXRENNX
562,1.77,2011-09-02T00:00:00,9/2/2011,2011-09-02,-19.55,2.2,RCG,XXRENNX
563,1.67,2011-09-09T00:00:00,9/9/2011,2011-09-09,-23.74,2.19,RCG,XXRENNX
564,1.6,2011-09-16T00:00:00,9/16/2011,2011-09-16,-27.93,2.22,RCG,XXRENNX
565,1.55,2011-09-23T00:00:00,9/23/2011,2011-09-23,-30.18,2.22,RCG,XXRENNX
566,1.62,2011-09-30T00:00:00,9/30/2011,2011-09-30,-30.77,2.34,RCG,XXRENNX
567,1.5,2011-10-07T00:00:00,10/7/2011,2011-10-07,-35.06,2.31,RCG,XXRENNX
568,1.67,2011-10-14T00:00:00,10/14/2011,2011-10-14,-26.75,2.28,RCG,XXRENNX
569,1.63,2011-10-21T00:00:00,10/21/2011,2011-10-21,-25.57,2.19,RCG,XXRENNX
570,1.62,2011-10-28T00:00:00,10/28/2011,2011-10-28,-24.65,2.15,RCG,XXRENNX
571,1.67,2011-11-04T00:00:00,11/4/2011,2011-11-04,-28.02,2.32,RCG,XXRENNX
572,1.86,2011-11-11T00:00:00,11/11/2011,2011-11-11,-17.7,2.26,RCG,XXRENNX
573,1.87,2011-11-18T00:00:00,11/18/2011,2011-11-18,-15.0,2.2,RCG,XXRENNX
574,1.96,2011-12-02T00:00:00,12/2/2011,2011-12-02,-8.87,2.15,RCG,XXRENNX
575,1.82,2011-12-09T00:00:00,12/9/2011,2011-12-09,-16.13,2.17,RCG,XXRENNX
576,1.69,2011-12-16T00:00:00,12/16/2011,2011-12-16,-21.4,2.15,RCG,XXRENNX
577,1.82,2011-12-30T00:00:00,12/30/2011,2011-12-30,-14.55,2.13,RCG,XXRENNX
578,1.68,2012-01-13T00:00:00,1/13/2012,2012-01-13,-22.94,2.18,RCG,XXRENNX
579,1.7,2012-01-20T00:00:00,1/20/2012,2012-01-20,-25.11,2.27,RCG,XXRENNX
580,1.73,2012-02-03T00:00:00,2/3/2012,2012-02-03,-26.07,2.34,RCG,XXRENNX
581,1.69,2012-02-10T00:00:00,2/10/2012,2012-02-10,-28.09,2.35,RCG,XXRENNX
582,1.6,2012-02-17T00:00:00,2/17/2012,2012-02-17,-32.2,2.36,RCG,XXRENNX
583,1.88,2012-03-16T00:00:00,3/16/2012,2012-03-16,-25.1,2.51,RCG,XXRENNX
584,1.96,2012-04-20T00:00:00,4/20/2012,2012-04-20,-27.41,2.7,RCG,XXRENNX
585,1.84,2012-05-11T00:00:00,5/11/2012,2012-05-11,-30.57,2.65,RCG,XXRENNX
586,1.8,2012-05-18T00:00:00,5/18/2012,2012-05-18,-30.23,2.58,RCG,XXRENNX
587,1.89,2012-05-25T00:00:00,5/25/2012,2012-05-25,-26.46,2.57,RCG,XXRENNX
588,1.75,2012-06-01T00:00:00,6/1/2012,2012-06-01,-30.83,2.53,RCG,XXRENNX
589,1.78,2012-06-08T00:00:00,6/8/2012,2012-06-08,-30.47,2.56,RCG,XXRENNX
590,1.75,2012-06-15T00:00:00,6/15/2012,2012-06-15,-31.1,2.54,RCG,XXRENNX
591,1.77,2012-06-22T00:00:00,6/22/2012,2012-06-22,-28.63,2.48,RCG,XXRENNX
592,1.85,2012-06-29T00:00:00,6/29/2012,2012-06-29,-24.8,2.46,RCG,XXRENNX
593,1.67,2012-07-06T00:00:00,7/6/2012,2012-07-06,-34.77,2.56,RCG,XXRENNX
594,1.67,2012-07-13T00:00:00,7/13/2012,2012-07-13,-34.77,2.56,RCG,XXRENNX
595,1.65,2012-07-20T00:00:00,7/20/2012,2012-07-20,-33.73,2.49,RCG,XXRENNX
596,1.66,2012-08-03T00:00:00,8/3/2012,2012-08-03,-32.24,2.45,RCG,XXRENNX
597,1.73,2012-08-10T00:00:00,8/10/2012,2012-08-10,-27.92,2.4,RCG,XXRENNX
598,1.82,2012-08-17T00:00:00,8/17/2012,2012-08-17,-25.1,2.43,RCG,XXRENNX
599,1.75,2012-08-24T00:00:00,8/24/2012,2012-08-24,-27.98,2.43,RCG,XXRENNX
600,1.71,2012-08-31T00:00:00,8/31/2012,2012-08-31,-34.49,2.61,RCG,XXRENNX
601,1.69,2012-09-07T00:00:00,9/7/2012,2012-09-07,-31.02,2.45,RCG,XXRENNX
602,1.56,2012-09-14T00:00:00,9/14/2012,2012-09-14,-38.1,2.52,RCG,XXRENNX
603,1.6,2012-09-21T00:00:00,9/21/2012,2012-09-21,-36.76,2.53,RCG,XXRENNX
604,1.59,2012-09-28T00:00:00,9/28/2012,2012-09-28,-38.61,2.59,RCG,XXRENNX
605,1.57,2012-10-05T00:00:00,10/5/2012,2012-10-05,-39.62,2.6,RCG,XXRENNX
606,1.4,2012-10-12T00:00:00,10/12/2012,2012-10-12,-44.44,2.52,RCG,XXRENNX
607,1.44,2012-10-19T00:00:00,10/19/2012,2012-10-19,-41.19,2.45,RCG,XXRENNX
608,1.43,2012-10-26T00:00:00,10/26/2012,2012-10-26,-44.36,2.57,RCG,XXRENNX
609,1.4,2012-11-02T00:00:00,11/2/2012,2012-11-02,-46.15,2.6,RCG,XXRENNX
610,1.41,2012-11-09T00:00:00,11/9/2012,2012-11-09,-43.15,2.48,RCG,XXRENNX
611,1.26,2012-11-16T00:00:00,11/16/2012,2012-11-16,-47.72,2.41,RCG,XXRENNX
612,1.27,2012-11-23T00:00:00,11/23/2012,2012-11-23,-47.56,2.43,RCG,XXRENNX
613,1.46,2012-11-30T00:00:00,11/30/2012,2012-11-30,-42.52,2.54,RCG,XXRENNX
614,1.45,2012-12-07T00:00:00,12/7/2012,2012-12-07,-43.36,2.56,RCG,XXRENNX
615,1.43,2012-12-21T00:00:00,12/21/2012,2012-12-21,-41.04,2.42,RCG,XXRENNX
616,1.43,2013-01-04T00:00:00,1/4/2013,2013-01-04,-42.8,2.5,RCG,XXRENNX
617,1.51,2013-01-11T00:00:00,1/11/2013,2013-01-11,-40.78,2.55,RCG,XXRENNX
618,1.42,2013-01-18T00:00:00,1/18/2013,2013-01-18,-46.42,2.65,RCG,XXRENNX
619,1.52,2013-01-25T00:00:00,1/25/2013,2013-01-25,-42.15,2.63,RCG,XXRENNX
620,1.5,2013-02-01T00:00:00,2/1/2013,2013-02-01,-42.31,2.6,RCG,XXRENNX
621,1.48,2013-02-08T00:00:00,2/8/2013,2013-02-08,-41.5,2.53,RCG,XXRENNX
622,1.55,2013-02-15T00:00:00,2/15/2013,2013-02-15,-40.27,2.59,RCG,XXRENNX
623,1.53,2013-02-22T00:00:00,2/22/2013,2013-02-22,-40.93,2.59,RCG,XXRENNX
624,1.515,2013-03-01T00:00:00,3/1/2013,2013-03-01,-40.35,2.54,RCG,XXRENNX
625,1.52,2013-03-08T00:00:00,3/8/2013,2013-03-08,-42.21,2.63,RCG,XXRENNX
626,1.67,2013-03-15T00:00:00,3/15/2013,2013-03-15,-36.5,2.63,RCG,XXRENNX
627,1.6499,2013-03-22T00:00:00,3/22/2013,2013-03-22,-39.56,2.73,RCG,XXRENNX
628,1.57,2013-04-05T00:00:00,4/5/2013,2013-04-05,-45.67,2.89,RCG,XXRENNX
629,1.5634,2013-04-12T00:00:00,4/12/2013,2013-04-12,-44.36,2.81,RCG,XXRENNX
630,1.43,2013-04-19T00:00:00,4/19/2013,2013-04-19,-48.93,2.8,RCG,XXRENNX
631,1.51,2013-04-26T00:00:00,4/26/2013,2013-04-26,-46.64,2.83,RCG,XXRENNX
632,1.52,2013-05-03T00:00:00,5/3/2013,2013-05-03,-46.67,2.85,RCG,XXRENNX
633,1.54,2013-05-10T00:00:00,5/10/2013,2013-05-10,-46.71,2.89,RCG,XXRENNX
634,1.67,2013-05-17T00:00:00,5/17/2013,2013-05-17,-40.14,2.79,RCG,XXRENNX
635,1.56,2013-05-24T00:00:00,5/24/2013,2013-05-24,-44.09,2.79,RCG,XXRENNX
636,1.61,2013-05-31T00:00:00,5/31/2013,2013-05-31,-40.81,2.72,RCG,XXRENNX
637,1.57,2013-06-07T00:00:00,6/7/2013,2013-06-07,-43.73,2.79,RCG,XXRENNX
638,1.511,2013-06-14T00:00:00,6/14/2013,2013-06-14,-45.84,2.79,RCG,XXRENNX
639,1.4701,2013-06-21T00:00:00,6/21/2013,2013-06-21,-47.31,2.79,RCG,XXRENNX
640,1.51,2013-06-28T00:00:00,6/28/2013,2013-06-28,-46.07,2.8,RCG,XXRENNX
641,1.46,2013-07-05T00:00:00,7/5/2013,2013-07-05,-47.86,2.8,RCG,XXRENNX
642,1.47,2013-07-12T00:00:00,7/12/2013,2013-07-12,-42.8,2.57,RCG,XXRENNX
643,1.53,2013-07-19T00:00:00,7/19/2013,2013-07-19,-40.47,2.57,RCG,XXRENNX
644,1.46,2013-07-26T00:00:00,7/26/2013,2013-07-26,-42.06,2.52,RCG,XXRENNX
645,1.4099,2013-08-02T00:00:00,8/2/2013,2013-08-02,-48.73,2.75,RCG,XXRENNX
646,1.49,2013-08-09T00:00:00,8/9/2013,2013-08-09,-45.82,2.75,RCG,XXRENNX
647,1.431,2013-08-16T00:00:00,8/16/2013,2013-08-16,-46.4,2.67,RCG,XXRENNX
648,1.3401,2013-08-23T00:00:00,8/23/2013,2013-08-23,-50.0,2.68,RCG,XXRENNX
649,1.48,2013-08-30T00:00:00,8/30/2013,2013-08-30,-44.78,2.68,RCG,XXRENNX
650,1.48,2013-09-06T00:00:00,9/6/2013,2013-09-06,-44.78,2.68,RCG,XXRENNX
651,1.48,2013-09-13T00:00:00,9/13/2013,2013-09-13,-45.59,2.72,RCG,XXRENNX
652,1.41,2013-09-20T00:00:00,9/20/2013,2013-09-20,-47.58,2.69,RCG,XXRENNX
653,1.42,2013-09-27T00:00:00,9/27/2013,2013-09-27,-48.18,2.74,RCG,XXRENNX
654,1.4432,2013-10-04T00:00:00,10/4/2013,2013-10-04,-47.71,2.76,RCG,XXRENNX
655,1.45,2013-10-11T00:00:00,10/11/2013,2013-10-11,-44.23,2.6,RCG,XXRENNX
656,1.47,2013-10-18T00:00:00,10/18/2013,2013-10-18,-44.11,2.63,RCG,XXRENNX
657,1.47,2013-10-25T00:00:00,10/25/2013,2013-10-25,-44.32,2.64,RCG,XXRENNX
658,1.46,2013-11-01T00:00:00,11/1/2013,2013-11-01,-43.63,2.59,RCG,XXRENNX
659,1.4299,2013-11-08T00:00:00,11/8/2013,2013-11-08,-44.36,2.57,RCG,XXRENNX
660,1.43,2013-11-15T00:00:00,11/15/2013,2013-11-15,-43.7,2.54,RCG,XXRENNX
661,1.426,2013-11-22T00:00:00,11/22/2013,2013-11-22,-44.3,2.56,RCG,XXRENNX
662,1.46,2013-11-29T00:00:00,11/29/2013,2013-11-29,-42.97,2.56,RCG,XXRENNX
663,1.44,2013-12-06T00:00:00,12/6/2013,2013-12-06,-43.31,2.54,RCG,XXRENNX
664,1.4,2013-12-13T00:00:00,12/13/2013,2013-12-13,-41.67,2.4,RCG,XXRENNX
665,1.378,2013-12-20T00:00:00,12/20/2013,2013-12-20,-42.1,2.38,RCG,XXRENNX
666,1.45,2013-12-27T00:00:00,12/27/2013,2013-12-27,-39.08,2.38,RCG,XXRENNX
667,1.38,2014-01-03T00:00:00,1/3/2014,2014-01-03,-43.44,2.44,RCG,XXRENNX
668,1.43,2014-01-10T00:00:00,1/10/2014,2014-01-10,-41.39,2.44,RCG,XXRENNX
669,1.42,2014-01-17T00:00:00,1/17/2014,2014-01-17,-44.31,2.55,RCG,XXRENNX
670,1.38,2014-01-24T00:00:00,1/24/2014,2014-01-24,-45.88,2.55,RCG,XXRENNX
671,1.42,2014-01-31T00:00:00,1/31/2014,2014-01-31,-44.96,2.58,RCG,XXRENNX
672,1.3699,2014-02-07T00:00:00,2/7/2014,2014-02-07,-46.9,2.58,RCG,XXRENNX
673,1.41,2014-02-14T00:00:00,2/14/2014,2014-02-14,-43.37,2.49,RCG,XXRENNX
674,1.4298,2014-02-21T00:00:00,2/21/2014,2014-02-21,-46.05,2.65,RCG,XXRENNX
675,1.48,2014-02-28T00:00:00,2/28/2014,2014-02-28,-44.15,2.65,RCG,XXRENNX
676,1.4001,2014-03-07T00:00:00,3/7/2014,2014-03-07,-46.56,2.62,RCG,XXRENNX
677,1.47,2014-03-14T00:00:00,3/14/2014,2014-03-14,-43.02,2.58,RCG,XXRENNX
678,1.55,2014-03-21T00:00:00,3/21/2014,2014-03-21,-44.24,2.78,RCG,XXRENNX
679,1.7,2014-03-28T00:00:00,3/28/2014,2014-03-28,-38.85,2.78,RCG,XXRENNX
680,1.62,2014-04-04T00:00:00,4/4/2014,2014-04-04,-36.96,2.57,RCG,XXRENNX
681,1.52,2014-04-11T00:00:00,4/11/2014,2014-04-11,-39.44,2.51,RCG,XXRENNX
682,1.57,2014-04-25T00:00:00,4/25/2014,2014-04-25,-39.38,2.59,RCG,XXRENNX
683,1.5,2014-05-02T00:00:00,5/2/2014,2014-05-02,-40.94,2.54,RCG,XXRENNX
684,1.49,2014-05-09T00:00:00,5/9/2014,2014-05-09,-30.37,2.14,RCG,XXRENNX
685,1.4799,2014-05-16T00:00:00,5/16/2014,2014-05-16,-38.08,2.39,RCG,XXRENNX
686,1.37,2014-05-23T00:00:00,5/23/2014,2014-05-23,-42.68,2.39,RCG,XXRENNX
687,1.48,2014-05-30T00:00:00,5/30/2014,2014-05-30,-40.32,2.48,RCG,XXRENNX
688,1.37,2014-06-06T00:00:00,6/6/2014,2014-06-06,-45.2,2.5,RCG,XXRENNX
689,1.3701,2014-06-13T00:00:00,6/13/2014,2014-06-13,-45.2,2.5,RCG,XXRENNX
690,1.46,2014-06-20T00:00:00,6/20/2014,2014-06-20,-43.41,2.58,RCG,XXRENNX
691,1.43,2014-06-27T00:00:00,6/27/2014,2014-06-27,-40.17,2.39,RCG,XXRENNX
692,1.55,2014-07-11T00:00:00,7/11/2014,2014-07-11,-37.5,2.48,RCG,XXRENNX
693,1.56,2014-07-18T00:00:00,7/18/2014,2014-07-18,-34.18,2.37,RCG,XXRENNX
694,1.54,2014-07-25T00:00:00,7/25/2014,2014-07-25,-34.47,2.35,RCG,XXRENNX
695,1.58,2014-08-01T00:00:00,8/1/2014,2014-08-01,-31.0,2.29,RCG,XXRENNX
696,1.53,2014-08-08T00:00:00,8/8/2014,2014-08-08,-34.62,2.34,RCG,XXRENNX
697,1.61,2014-08-15T00:00:00,8/15/2014,2014-08-15,-31.2,2.34,RCG,XXRENNX
698,1.58,2014-08-22T00:00:00,8/22/2014,2014-08-22,-36.8,2.5,RCG,XXRENNX
699,1.63,2014-08-29T00:00:00,8/29/2014,2014-08-29,-33.47,2.45,RCG,XXRENNX
700,1.59,2014-09-05T00:00:00,9/5/2014,2014-09-05,-35.63,2.47,RCG,XXRENNX
701,1.56,2014-09-12T00:00:00,9/12/2014,2014-09-12,-36.84,2.47,RCG,XXRENNX
702,1.5,2014-09-19T00:00:00,9/19/2014,2014-09-19,-37.76,2.41,RCG,XXRENNX
703,1.45,2014-09-26T00:00:00,9/26/2014,2014-09-26,-38.03,2.34,RCG,XXRENNX
704,1.4,2014-10-03T00:00:00,10/3/2014,2014-10-03,-38.86,2.29,RCG,XXRENNX
705,1.32,2014-10-10T00:00:00,10/10/2014,2014-10-10,-39.73,2.19,RCG,XXRENNX
706,1.32,2014-10-17T00:00:00,10/17/2014,2014-10-17,-38.6,2.15,RCG,XXRENNX
707,1.34,2014-10-24T00:00:00,10/24/2014,2014-10-24,-38.53,2.18,RCG,XXRENNX
708,1.35,2014-10-31T00:00:00,10/31/2014,2014-10-31,-38.07,2.18,RCG,XXRENNX
709,1.27,2014-11-07T00:00:00,11/7/2014,2014-11-07,-40.65,2.14,RCG,XXRENNX
710,1.34,2014-11-14T00:00:00,11/14/2014,2014-11-14,-33.33,2.01,RCG,XXRENNX
711,1.26,2014-11-21T00:00:00,11/21/2014,2014-11-21,-42.2,2.18,RCG,XXRENNX
712,1.3,2014-11-28T00:00:00,11/28/2014,2014-11-28,-40.37,2.18,RCG,XXRENNX
713,1.25,2014-12-05T00:00:00,12/5/2014,2014-12-05,-42.13,2.16,RCG,XXRENNX
714,1.23,2014-12-12T00:00:00,12/12/2014,2014-12-12,-43.06,2.16,RCG,XXRENNX
715,1.34,2014-12-19T00:00:00,12/19/2014,2014-12-19,-41.23,2.28,RCG,XXRENNX
716,1.25,2014-12-26T00:00:00,12/26/2014,2014-12-26,-45.18,2.28,RCG,XXRENNX
717,1.29,2015-01-02T00:00:00,1/2/2015,2015-01-02,-41.1,2.19,RCG,XXRENNX
718,1.27,2015-01-09T00:00:00,1/9/2015,2015-01-09,-43.56,2.25,RCG,XXRENNX
719,1.27,2015-01-16T00:00:00,1/16/2015,2015-01-16,-38.65,2.07,RCG,XXRENNX
720,1.283,2015-01-23T00:00:00,1/23/2015,2015-01-23,-39.19,2.11,RCG,XXRENNX
721,1.26,2015-01-30T00:00:00,1/30/2015,2015-01-30,-41.4,2.15,RCG,XXRENNX
722,1.25,2015-02-06T00:00:00,2/6/2015,2015-02-06,-41.31,2.13,RCG,XXRENNX
723,1.26,2015-02-13T00:00:00,2/13/2015,2015-02-13,-40.0,2.1,RCG,XXRENNX
724,1.2599,2015-02-20T00:00:00,2/20/2015,2015-02-20,-38.54,2.05,RCG,XXRENNX
725,1.23,2015-02-27T00:00:00,2/27/2015,2015-02-27,-40.0,2.05,RCG,XXRENNX
726,1.24,2015-03-06T00:00:00,3/6/2015,2015-03-06,-40.67,2.09,RCG,XXRENNX
727,1.23,2015-03-13T00:00:00,3/13/2015,2015-03-13,-38.81,2.01,RCG,XXRENNX
728,1.21,2015-03-20T00:00:00,3/20/2015,2015-03-20,-37.95,1.95,RCG,XXRENNX
729,1.17,2015-03-27T00:00:00,3/27/2015,2015-03-27,-38.74,1.91,RCG,XXRENNX
730,1.1975,2015-04-10T00:00:00,4/10/2015,2015-04-10,-37.95,1.93,RCG,XXRENNX
731,1.12,2015-04-17T00:00:00,4/17/2015,2015-04-17,-41.36,1.91,RCG,XXRENNX
732,1.18,2015-04-24T00:00:00,4/24/2015,2015-04-24,-42.16,2.04,RCG,XXRENNX
733,1.2,2015-05-01T00:00:00,5/1/2015,2015-05-01,-39.7,1.99,RCG,XXRENNX
734,1.23,2015-05-08T00:00:00,5/8/2015,2015-05-08,-36.92,1.95,RCG,XXRENNX
735,1.1799,2015-05-15T00:00:00,5/15/2015,2015-05-15,-38.87,1.93,RCG,XXRENNX
736,1.24,2015-05-22T00:00:00,5/22/2015,2015-05-22,-37.06,1.97,RCG,XXRENNX
737,1.26,2015-05-29T00:00:00,5/29/2015,2015-05-29,-36.04,1.97,RCG,XXRENNX
738,1.23,2015-06-05T00:00:00,6/5/2015,2015-06-05,-37.88,1.98,RCG,XXRENNX
739,1.18,2015-06-12T00:00:00,6/12/2015,2015-06-12,-41.29,2.01,RCG,XXRENNX
740,1.17,2015-06-19T00:00:00,6/19/2015,2015-06-19,-42.93,2.05,RCG,XXRENNX
741,1.24,2015-06-26T00:00:00,6/26/2015,2015-06-26,-39.22,2.04,RCG,XXRENNX
742,1.1644,2015-07-10T00:00:00,7/10/2015,2015-07-10,-39.98,1.94,RCG,XXRENNX
743,1.14,2015-07-17T00:00:00,7/17/2015,2015-07-17,-41.84,1.96,RCG,XXRENNX
744,1.1559,2015-07-24T00:00:00,7/24/2015,2015-07-24,-38.52,1.88,RCG,XXRENNX
745,1.17,2015-07-31T00:00:00,7/31/2015,2015-07-31,-37.77,1.88,RCG,XXRENNX
746,1.14,2015-08-07T00:00:00,8/7/2015,2015-08-07,-37.7,1.83,RCG,XXRENNX
747,1.1,2015-08-14T00:00:00,8/14/2015,2015-08-14,-40.22,1.84,RCG,XXRENNX
748,1.0732,2015-08-21T00:00:00,8/21/2015,2015-08-21,-40.71,1.81,RCG,XXRENNX
749,1.085,2015-08-28T00:00:00,8/28/2015,2015-08-28,-40.06,1.81,RCG,XXRENNX
750,1.08,2015-09-04T00:00:00,9/4/2015,2015-09-04,-40.98,1.83,RCG,XXRENNX
751,1.08,2015-09-11T00:00:00,9/11/2015,2015-09-11,-40.98,1.83,RCG,XXRENNX
752,1.055,2015-09-18T00:00:00,9/18/2015,2015-09-18,-42.35,1.83,RCG,XXRENNX
753,1.06,2015-09-25T00:00:00,9/25/2015,2015-09-25,-38.01,1.71,RCG,XXRENNX
754,1.0299,2015-10-02T00:00:00,10/2/2015,2015-10-02,-34.86,1.581,RCG,XXRENNX
755,0.95,2015-10-09T00:00:00,10/9/2015,2015-10-09,-42.07,1.64,RCG,XXRENNX
756,0.915,2015-10-16T00:00:00,10/16/2015,2015-10-16,-45.21,1.67,RCG,XXRENNX
757,0.88,2015-10-23T00:00:00,10/23/2015,2015-10-23,-43.59,1.56,RCG,XXRENNX
758,0.89,2015-10-30T00:00:00,10/30/2015,2015-10-30,-42.95,1.56,RCG,XXRENNX
759,1.0,2015-11-06T00:00:00,11/6/2015,2015-11-06,-35.9,1.56,RCG,XXRENNX
760,1.03,2015-11-13T00:00:00,11/13/2015,2015-11-13,-32.24,1.52,RCG,XXRENNX
761,0.98,2015-11-20T00:00:00,11/20/2015,2015-11-20,-34.67,1.5,RCG,XXRENNX
762,0.9599,2015-11-27T00:00:00,11/27/2015,2015-11-27,-36.01,1.5,RCG,XXRENNX
763,0.99,2015-12-04T00:00:00,12/4/2015,2015-12-04,-36.13,1.55,RCG,XXRENNX
764,0.8842,2015-12-11T00:00:00,12/11/2015,2015-12-11,-41.05,1.5,RCG,XXRENNX
765,0.92,2015-12-18T00:00:00,12/18/2015,2015-12-18,-37.84,1.48,RCG,XXRENNX
766,0.8384,2016-01-08T00:00:00,1/8/2016,2016-01-08,-46.26,1.56,RCG,XXRENNX
767,0.856,2016-01-15T00:00:00,1/15/2016,2016-01-15,-42.16,1.48,RCG,XXRENNX
768,0.81,2016-01-22T00:00:00,1/22/2016,2016-01-22,-44.9,1.47,RCG,XXRENNX
769,1.05,2016-01-29T00:00:00,1/29/2016,2016-01-29,-29.53,1.49,RCG,XXRENNX
770,0.996,2016-02-05T00:00:00,2/5/2016,2016-02-05,-21.57,1.27,RCG,XXRENNX
771,0.92,2016-02-12T00:00:00,2/12/2016,2016-02-12,-26.98,1.26,RCG,XXRENNX
772,0.95,2016-02-19T00:00:00,2/19/2016,2016-02-19,-24.0,1.25,RCG,XXRENNX
773,0.9499,2016-02-26T00:00:00,2/26/2016,2016-02-26,-26.93,1.3,RCG,XXRENNX
774,0.9838,2016-03-04T00:00:00,3/4/2016,2016-03-04,-21.3,1.25,RCG,XXRENNX
775,1.05,2016-03-11T00:00:00,3/11/2016,2016-03-11,-16.0,1.25,RCG,XXRENNX
776,0.925,2016-03-18T00:00:00,3/18/2016,2016-03-18,-24.18,1.22,RCG,XXRENNX
777,1.0,2016-04-01T00:00:00,4/1/2016,2016-04-01,-18.03,1.22,RCG,XXRENNX
778,1.1295,2016-04-08T00:00:00,4/8/2016,2016-04-08,-8.91,1.24,RCG,XXRENNX
779,1.14,2016-04-15T00:00:00,4/15/2016,2016-04-15,-6.56,1.22,RCG,XXRENNX
780,1.06,2016-04-22T00:00:00,4/22/2016,2016-04-22,-14.52,1.24,RCG,XXRENNX
781,1.06,2016-04-29T00:00:00,4/29/2016,2016-04-29,-15.2,1.25,RCG,XXRENNX
782,1.09,2016-05-06T00:00:00,5/6/2016,2016-05-06,-12.8,1.25,RCG,XXRENNX
783,1.11,2016-05-13T00:00:00,5/13/2016,2016-05-13,-8.26,1.21,RCG,XXRENNX
784,1.1701,2016-05-20T00:00:00,5/20/2016,2016-05-20,-1.67,1.19,RCG,XXRENNX
785,1.25,2016-05-27T00:00:00,5/27/2016,2016-05-27,8.7,1.15,RCG,XXRENNX
786,1.16,2016-06-03T00:00:00,6/3/2016,2016-06-03,-4.13,1.21,RCG,XXRENNX
787,1.1217,2016-06-10T00:00:00,6/10/2016,2016-06-10,-6.53,1.2,RCG,XXRENNX
788,1.04,2016-06-17T00:00:00,6/17/2016,2016-06-17,-12.61,1.19,RCG,XXRENNX
789,1.0837,2016-06-24T00:00:00,6/24/2016,2016-06-24,-8.93,1.19,RCG,XXRENNX
790,1.05,2016-07-01T00:00:00,7/1/2016,2016-07-01,-9.48,1.16,RCG,XXRENNX
791,1.1292,2016-07-08T00:00:00,7/8/2016,2016-07-08,-2.66,1.16,RCG,XXRENNX
792,1.0799,2016-07-15T00:00:00,7/15/2016,2016-07-15,-8.48,1.18,RCG,XXRENNX
793,1.08,2016-07-22T00:00:00,7/22/2016,2016-07-22,-9.24,1.19,RCG,XXRENNX
794,1.14,2016-07-29T00:00:00,7/29/2016,2016-07-29,-2.56,1.17,RCG,XXRENNX
795,1.12,2016-08-05T00:00:00,8/5/2016,2016-08-05,-22.22,1.44,RCG,XXRENNX
796,1.25,2016-08-12T00:00:00,8/12/2016,2016-08-12,-7.41,1.35,RCG,XXRENNX
797,1.22,2016-08-19T00:00:00,8/19/2016,2016-08-19,-17.57,1.48,RCG,XXRENNX
798,1.28,2016-08-26T00:00:00,8/26/2016,2016-08-26,-17.95,1.56,RCG,XXRENNX
799,1.28,2016-09-02T00:00:00,9/2/2016,2016-09-02,-14.67,1.5,RCG,XXRENNX
800,1.2593,2016-09-09T00:00:00,9/9/2016,2016-09-09,-16.05,1.5,RCG,XXRENNX
801,1.26,2016-09-16T00:00:00,9/16/2016,2016-09-16,-16.0,1.5,RCG,XXRENNX
802,1.27,2016-09-23T00:00:00,9/23/2016,2016-09-23,-17.53,1.54,RCG,XXRENNX
803,1.3,2016-09-30T00:00:00,9/30/2016,2016-09-30,-23.08,1.69,RCG,XXRENNX
804,1.34,2016-10-07T00:00:00,10/7/2016,2016-10-07,-18.79,1.65,RCG,XXRENNX
805,1.28,2016-10-14T00:00:00,10/14/2016,2016-10-14,-20.0,1.6,RCG,XXRENNX
806,1.34,2016-10-21T00:00:00,10/21/2016,2016-10-21,-20.71,1.69,RCG,XXRENNX
807,1.46,2016-10-28T00:00:00,10/28/2016,2016-10-28,-15.61,1.73,RCG,XXRENNX
808,1.39,2016-11-04T00:00:00,11/4/2016,2016-11-04,-18.71,1.71,RCG,XXRENNX
809,1.35,2016-11-11T00:00:00,11/11/2016,2016-11-11,-5.59,1.43,RCG,XXRENNX
810,1.25,2016-11-18T00:00:00,11/18/2016,2016-11-18,-35.23,1.93,RCG,XXRENNX
811,1.26,2016-11-25T00:00:00,11/25/2016,2016-11-25,-14.86,1.48,RCG,XXRENNX
812,1.21,2016-12-02T00:00:00,12/2/2016,2016-12-02,-15.97,1.44,RCG,XXRENNX
813,1.25,2016-12-09T00:00:00,12/9/2016,2016-12-09,-13.19,1.44,RCG,XXRENNX
814,1.21,2016-12-16T00:00:00,12/16/2016,2016-12-16,-15.97,1.44,RCG,XXRENNX
815,1.16,2016-12-23T00:00:00,12/23/2016,2016-12-23,-17.14,1.4,RCG,XXRENNX
816,1.22,2016-12-30T00:00:00,12/30/2016,2016-12-30,-9.63,1.35,RCG,XXRENNX
817,1.22,2017-01-06T00:00:00,1/6/2017,2017-01-06,-12.23,1.39,RCG,XXRENNX
818,1.18,2017-01-13T00:00:00,1/13/2017,2017-01-13,-29.34,1.67,RCG,XXRENNX
819,1.4,2017-01-20T00:00:00,1/20/2017,2017-01-20,-18.6,1.72,RCG,XXRENNX
820,1.4349,2017-01-27T00:00:00,1/27/2017,2017-01-27,-18.47,1.76,RCG,XXRENNX
821,1.36,2017-02-03T00:00:00,2/3/2017,2017-02-03,-19.05,1.68,RCG,XXRENNX
822,1.43,2017-02-10T00:00:00,2/10/2017,2017-02-10,-12.8,1.64,RCG,XXRENNX
823,1.4,2017-02-17T00:00:00,2/17/2017,2017-02-17,-14.11,1.63,RCG,XXRENNX
824,1.4072,2017-02-24T00:00:00,2/24/2017,2017-02-24,-12.05,1.6,RCG,XXRENNX
825,1.42,2017-03-03T00:00:00,3/3/2017,2017-03-03,-11.8,1.61,RCG,XXRENNX
826,1.37,2017-03-10T00:00:00,3/10/2017,2017-03-10,-9.87,1.52,RCG,XXRENNX
827,1.33,2017-03-17T00:00:00,3/17/2017,2017-03-17,-12.5,1.52,RCG,XXRENNX
828,1.28,2017-03-24T00:00:00,3/24/2017,2017-03-24,-14.67,1.5,RCG,XXRENNX
829,1.3,2017-03-31T00:00:00,3/31/2017,2017-03-31,-13.91,1.51,RCG,XXRENNX
830,1.28,2017-04-07T00:00:00,4/7/2017,2017-04-07,-14.67,1.5,RCG,XXRENNX
831,1.35,2017-04-21T00:00:00,4/21/2017,2017-04-21,-10.6,1.51,RCG,XXRENNX
832,1.3,2017-04-28T00:00:00,4/28/2017,2017-04-28,-13.91,1.51,RCG,XXRENNX
833,1.28,2017-05-05T00:00:00,5/5/2017,2017-05-05,-15.23,1.51,RCG,XXRENNX
834,1.28,2017-05-12T00:00:00,5/12/2017,2017-05-12,-15.23,1.51,RCG,XXRENNX
835,1.2271,2017-05-19T00:00:00,5/19/2017,2017-05-19,-14.19,1.43,RCG,XXRENNX
836,1.18,2017-05-26T00:00:00,5/26/2017,2017-05-26,-16.9,1.42,RCG,XXRENNX
837,1.25,2017-06-02T00:00:00,6/2/2017,2017-06-02,-12.59,1.43,RCG,XXRENNX
838,1.25,2017-06-09T00:00:00,6/9/2017,2017-06-09,-14.38,1.46,RCG,XXRENNX
839,1.21,2017-06-16T00:00:00,6/16/2017,2017-06-16,-17.12,1.46,RCG,XXRENNX
840,1.2705,2017-06-23T00:00:00,6/23/2017,2017-06-23,-16.41,1.52,RCG,XXRENNX
841,1.2897,2017-06-30T00:00:00,6/30/2017,2017-06-30,-11.06,1.45,RCG,XXRENNX
842,1.3,2017-07-07T00:00:00,7/7/2017,2017-07-07,-10.34,1.45,RCG,XXRENNX
